employee_id,department,category,amount,timestamp,is_fraud,anomaly_score,anomaly_flag
1068,Marketing,Software,198.68,2023-01-01 00:00:00,0,0.19028386952125592,1
1011,Marketing,Other,122.12,2023-01-01 01:00:00,0,0.10567681494070802,1
1004,Engineering,Other,279.0,2023-01-01 02:00:00,0,0.09073723438123754,1
1038,HR,Other,1043.65,2023-01-01 03:00:00,1,-0.17055374505888565,-1
1004,Marketing,Other,103.11,2023-01-01 04:00:00,0,0.04329940630273865,1
1022,HR,Supplies,171.17,2023-01-01 05:00:00,0,0.16906939760423456,1
1007,HR,Meals,260.47,2023-01-01 06:00:00,0,0.12811324584318345,1
1044,Finance,Supplies,286.32,2023-01-01 07:00:00,0,0.08141730016305404,1
1047,Engineering,Travel,236.87,2023-01-01 08:00:00,0,0.16219662989060052,1
1020,Engineering,Software,211.96,2023-01-01 09:00:00,0,0.18563601406441338,1
1048,HR,Travel,200.78,2023-01-01 10:00:00,0,0.18819157866491348,1
1059,HR,Supplies,178.97,2023-01-01 11:00:00,0,0.17471895676527394,1
1003,Finance,Travel,146.18,2023-01-01 12:00:00,0,0.1336584279646788,1
1068,Marketing,Supplies,165.88,2023-01-01 13:00:00,0,0.17184461902954662,1
1092,HR,Travel,230.95,2023-01-01 14:00:00,0,0.16539614945363557,1
1032,Engineering,Meals,241.87,2023-01-01 15:00:00,0,0.15282485036594912,1
1056,Engineering,Software,244.31,2023-01-01 16:00:00,0,0.16265148028909737,1
1023,Marketing,Supplies,240.61,2023-01-01 17:00:00,0,0.15836722840962186,1
1018,Finance,Other,130.6,2023-01-01 18:00:00,0,0.10790133850128797,1
1081,HR,Other,188.36,2023-01-01 19:00:00,0,0.1812749505767388,1
1021,Finance,Supplies,269.65,2023-01-01 20:00:00,0,0.11224649551145899,1
1045,Finance,Travel,139.11,2023-01-01 21:00:00,0,0.12451742617235412,1
1039,Engineering,Travel,213.75,2023-01-01 22:00:00,0,0.18785955512619157,1
1008,HR,Supplies,234.04,2023-01-01 23:00:00,0,0.17233589755983653,1
1064,Finance,Software,178.01,2023-01-02 00:00:00,0,0.18223179953352692,1
1050,Marketing,Meals,301.26,2023-01-02 01:00:00,0,0.03715747605332975,1
1094,Finance,Meals,144.18,2023-01-02 02:00:00,0,0.13179545889223504,1
1099,Marketing,Meals,150.05,2023-01-02 03:00:00,0,0.13198256957960275,1
1006,Engineering,Software,273.18,2023-01-02 04:00:00,0,0.11188255503233757,1
1013,HR,Other,255.92,2023-01-02 05:00:00,0,0.14149410271692242,1
1049,Engineering,Software,205.67,2023-01-02 06:00:00,0,0.18288216827557408,1
1045,HR,Travel,159.45,2023-01-02 07:00:00,0,0.15428966077710815,1
1026,Engineering,Travel,105.19,2023-01-02 08:00:00,0,0.05483480649916572,1
1096,HR,Meals,139.47,2023-01-02 09:00:00,0,0.12386280480967948,1
1078,Marketing,Supplies,264.07,2023-01-02 10:00:00,0,0.11906182435315321,1
1005,Engineering,Supplies,246.38,2023-01-02 11:00:00,0,0.15658450238599997,1
1045,Marketing,Travel,210.85,2023-01-02 12:00:00,0,0.18266561147425192,1
1062,Marketing,Travel,203.14,2023-01-02 13:00:00,0,0.18740202692201918,1
1024,Engineering,Supplies,247.71,2023-01-02 14:00:00,0,0.15021729752355945,1
1024,Engineering,Meals,209.42,2023-01-02 15:00:00,0,0.1817760272196169,1
1037,Marketing,Other,162.47,2023-01-02 16:00:00,0,0.1625352039748545,1
1018,HR,Meals,157.57,2023-01-02 17:00:00,0,0.15410462195735852,1
1003,Finance,Software,753.1,2023-01-02 18:00:00,1,-0.17362985107872586,-1
1084,Finance,Travel,239.36,2023-01-02 19:00:00,0,0.16008656493172052,1
1046,Engineering,Meals,213.03,2023-01-02 20:00:00,0,0.18839216951315685,1
1029,HR,Supplies,241.81,2023-01-02 21:00:00,0,0.15276411106960014,1
1078,Engineering,Travel,209.96,2023-01-02 22:00:00,0,0.18175929192836593,1
1008,Engineering,Other,260.63,2023-01-02 23:00:00,0,0.12709731971419858,1
1020,HR,Travel,110.8,2023-01-03 00:00:00,0,0.060212922858988494,1
1041,HR,Supplies,206.38,2023-01-03 01:00:00,0,0.18246240597089247,1
1078,HR,Other,152.91,2023-01-03 02:00:00,0,0.13389287268507466,1
1042,HR,Supplies,950.0,2023-01-03 03:00:00,1,-0.1538565747670546,-1
1045,HR,Other,221.24,2023-01-03 04:00:00,0,0.18070433121524127,1
1063,HR,Software,129.66,2023-01-03 05:00:00,0,0.10494477112604872,1
1069,Marketing,Supplies,716.4,2023-01-03 06:00:00,1,-0.17671846998694962,-1
1013,Finance,Meals,244.7,2023-01-03 07:00:00,0,0.1637300059807919,1
1089,Engineering,Supplies,129.6,2023-01-03 08:00:00,0,0.10557579537405531,1
1060,Marketing,Other,175.4,2023-01-03 09:00:00,0,0.17660416025856962,1
1098,Engineering,Other,165.23,2023-01-03 10:00:00,0,0.17025697355164932,1
1037,HR,Supplies,274.57,2023-01-03 11:00:00,0,0.10627285184507379,1
1031,Engineering,Supplies,192.61,2023-01-03 12:00:00,0,0.17503141310879006,1
1065,Marketing,Other,291.01,2023-01-03 13:00:00,0,0.06687370775887158,1
1055,Marketing,Supplies,245.9,2023-01-03 14:00:00,0,0.15693487389514627,1
1098,Finance,Travel,176.86,2023-01-03 15:00:00,0,0.18031910385061095,1
1078,Marketing,Travel,192.39,2023-01-03 16:00:00,0,0.17462522393497815,1
1043,Engineering,Software,197.92,2023-01-03 17:00:00,0,0.1917728106834095,1
1096,Marketing,Other,178.24,2023-01-03 18:00:00,0,0.1815565292538623,1
1000,Engineering,Software,73.85,2023-01-03 19:00:00,0,-0.07268438899052909,-1
1085,Finance,Other,288.44,2023-01-03 20:00:00,0,0.07604403522102277,1
1033,Engineering,Other,108.97,2023-01-03 21:00:00,0,0.06071722115859679,1
1000,Marketing,Travel,223.75,2023-01-03 22:00:00,0,0.18218383435737273,1
1059,Engineering,Other,154.35,2023-01-03 23:00:00,0,0.1413987278646674,1
1073,Finance,Software,235.85,2023-01-04 00:00:00,0,0.161879669512689,1
1063,Engineering,Travel,221.41,2023-01-04 01:00:00,0,0.17854210843167123,1
1082,Engineering,Other,204.28,2023-01-04 02:00:00,0,0.18600272029811887,1
1038,Marketing,Supplies,163.93,2023-01-04 03:00:00,0,0.16851013172636653,1
1034,HR,Supplies,115.56,2023-01-04 04:00:00,0,0.08585685371699009,1
1088,Marketing,Travel,274.81,2023-01-04 05:00:00,0,0.10479756690636016,1
1005,HR,Travel,260.33,2023-01-04 06:00:00,0,0.1275846152934974,1
1016,Marketing,Meals,125.75,2023-01-04 07:00:00,0,0.10151422838459467,1
1032,HR,Software,158.41,2023-01-04 08:00:00,0,0.15451757342818773,1
1077,HR,Software,266.51,2023-01-04 09:00:00,0,0.11655753641882599,1
1069,Marketing,Travel,163.25,2023-01-04 10:00:00,0,0.16492838085110934,1
1088,HR,Travel,262.02,2023-01-04 11:00:00,0,0.11989412218431411,1
1094,HR,Meals,304.04,2023-01-04 12:00:00,0,0.0314510893300497,1
1042,Marketing,Travel,169.11,2023-01-04 13:00:00,0,0.16578300705502724,1
1060,HR,Meals,245.47,2023-01-04 14:00:00,0,0.15820089668185117,1
1083,Engineering,Travel,197.58,2023-01-04 15:00:00,0,0.19342195007181961,1
1018,Finance,Supplies,187.55,2023-01-04 16:00:00,0,0.1836649428581127,1
1056,HR,Software,190.78,2023-01-04 17:00:00,0,0.17903357614361087,1
1035,HR,Other,289.96,2023-01-04 18:00:00,0,0.06831266009658876,1
1030,HR,Supplies,187.91,2023-01-04 19:00:00,0,0.18352324399993725,1
1073,Finance,Supplies,324.33,2023-01-04 20:00:00,0,-0.02842873121116951,-1
1048,Engineering,Meals,265.88,2023-01-04 21:00:00,0,0.118093392818169,1
1018,Marketing,Travel,273.61,2023-01-04 22:00:00,0,0.11007100820632043,1
1003,Marketing,Software,123.52,2023-01-04 23:00:00,0,0.10028917967334228,1
1088,Engineering,Meals,217.06,2023-01-05 00:00:00,0,0.18297050870468612,1
1055,Engineering,Travel,231.79,2023-01-05 01:00:00,0,0.16197093255047668,1
1084,Finance,Software,199.95,2023-01-05 02:00:00,0,0.19131154181014776,1
1012,Finance,Other,302.12,2023-01-05 03:00:00,0,0.03330155104601584,1
1040,HR,Meals,170.13,2023-01-05 04:00:00,0,0.16907180722630916,1
1037,Marketing,Software,247.93,2023-01-05 05:00:00,0,0.1476558004845263,1
1080,Marketing,Software,222.96,2023-01-05 06:00:00,0,0.17938813335432197,1
1052,Engineering,Software,264.04,2023-01-05 07:00:00,0,0.11906182435315321,1
1091,Engineering,Other,197.56,2023-01-05 08:00:00,0,0.19374253927563823,1
1028,Finance,Travel,168.87,2023-01-05 09:00:00,0,0.1644373346250279,1
1024,Marketing,Travel,104.04,2023-01-05 10:00:00,0,0.04930161408977152,1
1055,Engineering,Meals,212.81,2023-01-05 11:00:00,0,0.18895541726936005,1
1022,Engineering,Travel,236.82,2023-01-05 12:00:00,0,0.16219662989060052,1
1022,HR,Other,190.47,2023-01-05 13:00:00,0,0.17928034424175188,1
1056,Marketing,Other,214.08,2023-01-05 14:00:00,0,0.18878833185209132,1
1036,Finance,Other,213.41,2023-01-05 15:00:00,0,0.1879458114199687,1
1005,HR,Other,215.54,2023-01-05 16:00:00,0,0.1912253870700955,1
1048,HR,Other,220.32,2023-01-05 17:00:00,0,0.1790640967921247,1
1005,Marketing,Meals,235.36,2023-01-05 18:00:00,0,0.16344698423716986,1
1005,Finance,Supplies,281.96,2023-01-05 19:00:00,0,0.0862872944017466,1
1081,HR,Software,303.19,2023-01-05 20:00:00,0,0.0319543229178344,1
1009,Finance,Software,189.93,2023-01-05 21:00:00,0,0.18277547443896852,1
1013,Engineering,Other,166.18,2023-01-05 22:00:00,0,0.17213721864749604,1
1048,Marketing,Software,258.72,2023-01-05 23:00:00,0,0.13245604766349472,1
1072,HR,Travel,200.73,2023-01-06 00:00:00,0,0.1892674871471996,1
1080,Finance,Travel,226.86,2023-01-06 01:00:00,0,0.17343372173305477,1
1042,Engineering,Supplies,170.07,2023-01-06 02:00:00,0,0.16907180722630916,1
1019,Finance,Meals,260.08,2023-01-06 03:00:00,0,0.12837681737217055,1
1097,HR,Supplies,234.11,2023-01-06 04:00:00,0,0.17219505176560645,1
1006,Marketing,Other,277.99,2023-01-06 05:00:00,0,0.09442882516881251,1
1043,Finance,Travel,115.11,2023-01-06 06:00:00,0,0.08267898651743555,1
1079,Engineering,Other,286.09,2023-01-06 07:00:00,0,0.08017722344293787,1
1088,Marketing,Travel,183.37,2023-01-06 08:00:00,0,0.17875549238257032,1
1057,Engineering,Travel,144.32,2023-01-06 09:00:00,0,0.13225561320780665,1
1097,Marketing,Meals,222.68,2023-01-06 10:00:00,0,0.17921903518826954,1
1048,Marketing,Supplies,163.43,2023-01-06 11:00:00,0,0.1665698151118622,1
1038,Marketing,Supplies,135.11,2023-01-06 12:00:00,0,0.11382149192914892,1
1053,Marketing,Travel,182.61,2023-01-06 13:00:00,0,0.1778647852451436,1
1095,HR,Meals,248.29,2023-01-06 14:00:00,0,0.15236118394663706,1
1094,Marketing,Supplies,187.33,2023-01-06 15:00:00,0,0.18179483962404996,1
1099,Finance,Software,338.27,2023-01-06 16:00:00,0,-0.06480356270676368,-1
1098,Finance,Other,178.71,2023-01-06 17:00:00,0,0.17836839860321096,1
1021,Finance,Meals,312.5,2023-01-06 18:00:00,0,4.011857469443658e-05,1
1073,Finance,Meals,227.96,2023-01-06 19:00:00,0,0.17065357515229646,1
1026,Finance,Supplies,255.7,2023-01-06 20:00:00,0,0.14215735154437076,1
1038,Engineering,Other,192.33,2023-01-06 21:00:00,0,0.17488037337810003,1
1067,Finance,Supplies,224.93,2023-01-06 22:00:00,0,0.17517744158414777,1
1080,Marketing,Software,236.55,2023-01-06 23:00:00,0,0.16312971630743295,1
1023,HR,Software,109.26,2023-01-07 00:00:00,0,0.05856081409963776,1
1047,HR,Software,99.87,2023-01-07 01:00:00,0,0.02747809113569799,1
1017,Marketing,Travel,185.93,2023-01-07 02:00:00,0,0.17874977763739308,1
1010,Marketing,Supplies,220.47,2023-01-07 03:00:00,0,0.17978150717593216,1
1098,Marketing,Software,240.17,2023-01-07 04:00:00,0,0.15753978235511928,1
1096,Marketing,Travel,183.84,2023-01-07 05:00:00,0,0.17824687767961672,1
1092,HR,Meals,177.88,2023-01-07 06:00:00,0,0.18198379747632715,1
1025,HR,Supplies,155.62,2023-01-07 07:00:00,0,0.14522102842512508,1
1083,HR,Meals,241.74,2023-01-07 08:00:00,0,0.15379442585825692,1
1082,HR,Meals,176.0,2023-01-07 09:00:00,0,0.18152497167528714,1
1003,HR,Supplies,214.12,2023-01-07 10:00:00,0,0.18846399222801286,1
1030,Marketing,Supplies,208.22,2023-01-07 11:00:00,0,0.1881154902770798,1
1083,Engineering,Software,218.0,2023-01-07 12:00:00,0,0.1793674262616905,1
1011,Marketing,Other,171.14,2023-01-07 13:00:00,0,0.16906939760423456,1
1019,Finance,Software,160.96,2023-01-07 14:00:00,0,0.1560396198971884,1
1088,HR,Supplies,159.55,2023-01-07 15:00:00,0,0.15484837219423525,1
1058,HR,Travel,238.63,2023-01-07 16:00:00,0,0.1594105634488252,1
1088,HR,Travel,136.81,2023-01-07 17:00:00,0,0.12468027223046202,1
1023,Finance,Other,223.57,2023-01-07 18:00:00,0,0.18047065830165587,1
1099,Marketing,Meals,188.25,2023-01-07 19:00:00,0,0.18121725157937602,1
1038,Finance,Software,184.55,2023-01-07 20:00:00,0,0.172499483309558,1
1022,HR,Travel,227.58,2023-01-07 21:00:00,0,0.17192392646348692,1
1008,HR,Supplies,171.13,2023-01-07 22:00:00,0,0.16906939760423456,1
1077,HR,Supplies,219.1,2023-01-07 23:00:00,0,0.17894077589658103,1
1093,Marketing,Travel,137.11,2023-01-08 00:00:00,0,0.12127268413423042,1
1016,HR,Meals,229.23,2023-01-08 01:00:00,0,0.17072386112080545,1
1094,HR,Other,247.46,2023-01-08 02:00:00,0,0.14930147677126748,1
1019,HR,Software,243.38,2023-01-08 03:00:00,0,0.16152757250827793,1
1062,HR,Supplies,261.87,2023-01-08 04:00:00,0,0.12317877216575268,1
1040,Engineering,Other,163.49,2023-01-08 05:00:00,0,0.1665698151118622,1
1072,Engineering,Supplies,199.16,2023-01-08 06:00:00,0,0.19271017370958954,1
1096,Finance,Meals,149.23,2023-01-08 07:00:00,0,0.12798880391316886,1
1098,Engineering,Travel,220.4,2023-01-08 08:00:00,0,0.17978150717593216,1
1040,Engineering,Software,115.21,2023-01-08 09:00:00,0,0.0830191820330245,1
1086,Engineering,Travel,288.69,2023-01-08 10:00:00,0,0.07476425082570837,1
1018,Finance,Supplies,227.49,2023-01-08 11:00:00,0,0.1727859650394018,1
1004,HR,Meals,991.65,2023-01-08 12:00:00,1,-0.17004227369056657,-1
1037,Engineering,Travel,189.83,2023-01-08 13:00:00,0,0.18277547443896852,1
1005,Finance,Supplies,234.63,2023-01-08 14:00:00,0,0.16898906134802066,1
1086,Marketing,Travel,145.03,2023-01-08 15:00:00,0,0.13611179611865704,1
1067,HR,Software,94.64,2023-01-08 16:00:00,0,0.01560405333635484,1
1022,Engineering,Other,224.75,2023-01-08 17:00:00,0,0.17325018935872827,1
1040,Engineering,Software,200.18,2023-01-08 18:00:00,0,0.1918224175924103,1
1009,Marketing,Other,122.98,2023-01-08 19:00:00,0,0.1026770473499844,1
1081,Engineering,Other,216.22,2023-01-08 20:00:00,0,0.18866856919250263,1
1010,Marketing,Travel,232.23,2023-01-08 21:00:00,0,0.1635881122090116,1
1078,Marketing,Travel,141.03,2023-01-08 22:00:00,0,0.12634525641474775,1
1040,Marketing,Travel,155.86,2023-01-08 23:00:00,0,0.1449166923963407,1
1059,HR,Meals,225.43,2023-01-09 00:00:00,0,0.1730628971419696,1
1090,Engineering,Meals,104.52,2023-01-09 01:00:00,0,0.04848093029877598,1
1022,Engineering,Travel,189.13,2023-01-09 02:00:00,0,0.17950024268299664,1
1087,Marketing,Meals,120.61,2023-01-09 03:00:00,0,0.10299382826536413,1
1098,Marketing,Travel,200.43,2023-01-09 04:00:00,0,0.19001936660815283,1
1046,Finance,Other,229.13,2023-01-09 05:00:00,0,0.170195066266224,1
1034,HR,Software,193.52,2023-01-09 06:00:00,0,0.1793154399559896,1
1046,Marketing,Meals,227.82,2023-01-09 07:00:00,0,0.17065357515229646,1
1047,HR,Travel,274.28,2023-01-09 08:00:00,0,0.10627285184507379,1
1042,Finance,Other,302.06,2023-01-09 09:00:00,0,0.03367514335953581,1
1065,Finance,Other,224.76,2023-01-09 10:00:00,0,0.17325018935872827,1
1075,Finance,Travel,203.05,2023-01-09 11:00:00,0,0.18895680345754673,1
1066,Marketing,Other,292.2,2023-01-09 12:00:00,0,0.0632116083915435,1
1004,HR,Software,143.57,2023-01-09 13:00:00,0,0.13258979767390294,1
1001,Marketing,Software,1154.8,2023-01-09 14:00:00,1,-0.18867501331454417,-1
1061,Engineering,Other,243.7,2023-01-09 15:00:00,0,0.1606633764660781,1
1088,Engineering,Supplies,288.19,2023-01-09 16:00:00,0,0.07825813834527517,1
1084,Marketing,Supplies,231.8,2023-01-09 17:00:00,0,0.16197093255047668,1
1081,Finance,Travel,226.34,2023-01-09 18:00:00,0,0.17301009855499716,1
1007,Engineering,Software,203.64,2023-01-09 19:00:00,0,0.1867393024133716,1
1071,Engineering,Supplies,189.2,2023-01-09 20:00:00,0,0.17950024268299664,1
1053,Engineering,Software,227.59,2023-01-09 21:00:00,0,0.17192392646348692,1
1079,Finance,Travel,266.22,2023-01-09 22:00:00,0,0.11791913888565575,1
1031,Marketing,Supplies,226.67,2023-01-09 23:00:00,0,0.17361337231965573,1
1081,Marketing,Supplies,216.72,2023-01-10 00:00:00,0,0.1878127048539922,1
1033,Engineering,Supplies,170.92,2023-01-10 01:00:00,0,0.16759414561952124,1
1083,Engineering,Software,226.99,2023-01-10 02:00:00,0,0.17329538301746378,1
1014,Marketing,Software,79.64,2023-01-10 03:00:00,0,-0.054899398266703314,-1
1032,Engineering,Travel,131.91,2023-01-10 04:00:00,0,0.10806093348226486,1
1018,Marketing,Software,105.52,2023-01-10 05:00:00,0,0.05375626346165985,1
1021,HR,Supplies,174.58,2023-01-10 06:00:00,0,0.1735679589439797,1
1093,HR,Other,127.91,2023-01-10 07:00:00,0,0.10481513870041198,1
1088,Marketing,Travel,155.83,2023-01-10 08:00:00,0,0.1449166923963407,1
1092,HR,Software,149.68,2023-01-10 09:00:00,0,0.13019189813276555,1
1059,HR,Software,188.34,2023-01-10 10:00:00,0,0.1812749505767388,1
1072,Finance,Software,137.27,2023-01-10 11:00:00,0,0.12187140428973742,1
1017,Marketing,Meals,107.43,2023-01-10 12:00:00,0,0.06250216602421443,1
1029,HR,Software,953.75,2023-01-10 13:00:00,1,-0.1528565568417407,-1
1009,Finance,Supplies,282.9,2023-01-10 14:00:00,0,0.08496117657944091,1
1092,Marketing,Meals,202.05,2023-01-10 15:00:00,0,0.1893787280851067,1
1046,Finance,Supplies,169.37,2023-01-10 16:00:00,0,0.16697519708363845,1
1025,Marketing,Travel,165.64,2023-01-10 17:00:00,0,0.1711854619101787,1
1031,Engineering,Travel,181.88,2023-01-10 18:00:00,0,0.17842811180566542,1
1014,Marketing,Travel,1084.15,2023-01-10 19:00:00,1,-0.17723445990674225,-1
1095,Engineering,Meals,172.89,2023-01-10 20:00:00,0,0.1701868913149166,1
1034,Engineering,Travel,211.66,2023-01-10 21:00:00,0,0.18376519950072306,1
1028,HR,Travel,640.05,2023-01-10 22:00:00,1,-0.17775079905638203,-1
1075,Engineering,Meals,256.18,2023-01-10 23:00:00,0,0.14163209732084964,1
1079,Finance,Supplies,178.16,2023-01-11 00:00:00,0,0.1825686973812949,1
1012,Engineering,Supplies,247.31,2023-01-11 01:00:00,0,0.14735079354875624,1
1045,Marketing,Software,129.83,2023-01-11 02:00:00,0,0.10422628944626638,1
1053,HR,Supplies,183.72,2023-01-11 03:00:00,0,0.1789207399129381,1
1076,Engineering,Meals,275.62,2023-01-11 04:00:00,0,0.09735421082091916,1
1080,Marketing,Meals,202.18,2023-01-11 05:00:00,0,0.1887911131222728,1
1021,Marketing,Other,140.3,2023-01-11 06:00:00,0,0.12268129485956797,1
1063,Finance,Software,167.85,2023-01-11 07:00:00,0,0.16868419121011186,1
1090,Finance,Travel,302.96,2023-01-11 08:00:00,0,0.03298317958077057,1
1063,Engineering,Other,102.05,2023-01-11 09:00:00,0,0.03947511448772545,1
1013,Finance,Meals,244.02,2023-01-11 10:00:00,0,0.161254656529926,1
1010,Engineering,Travel,208.87,2023-01-11 11:00:00,0,0.18340179745065172,1
1007,Finance,Travel,182.63,2023-01-11 12:00:00,0,0.17729362518729158,1
1012,Engineering,Other,188.62,2023-01-11 13:00:00,0,0.18084070189551626,1
1021,Engineering,Meals,194.65,2023-01-11 14:00:00,0,0.17793904525052667,1
1075,HR,Travel,345.3,2023-01-11 15:00:00,0,-0.0766402897368722,-1
1081,HR,Travel,107.15,2023-01-11 16:00:00,0,0.060426403720842514,1
1001,Finance,Supplies,225.99,2023-01-11 17:00:00,0,0.1705027775244728,1
1004,Marketing,Travel,234.26,2023-01-11 18:00:00,0,0.16748371611942137,1
1020,Finance,Other,138.77,2023-01-11 19:00:00,0,0.12302054720101607,1
1016,Engineering,Meals,252.55,2023-01-11 20:00:00,0,0.15376263691343134,1
1023,Marketing,Supplies,223.05,2023-01-11 21:00:00,0,0.18018793561103436,1
1030,Finance,Travel,195.06,2023-01-11 22:00:00,0,0.18142004123119893,1
1099,HR,Other,247.89,2023-01-11 23:00:00,0,0.1476558004845263,1
1016,HR,Meals,138.05,2023-01-12 00:00:00,0,0.12143061133663774,1
1039,Marketing,Travel,196.35,2023-01-12 01:00:00,0,0.18799790632575403,1
1074,Marketing,Other,1265.05,2023-01-12 02:00:00,1,-0.21369424102372314,-1
1000,HR,Supplies,147.75,2023-01-12 03:00:00,0,0.12786437843095044,1
1001,Finance,Meals,225.98,2023-01-12 04:00:00,0,0.1705027775244728,1
1031,Finance,Travel,260.1,2023-01-12 05:00:00,0,0.12837681737217055,1
1050,Finance,Travel,275.59,2023-01-12 06:00:00,0,0.09735421082091916,1
1061,HR,Other,267.61,2023-01-12 07:00:00,0,0.10780516054493611,1
1037,Marketing,Other,150.86,2023-01-12 08:00:00,0,0.13261874476642754,1
1023,Engineering,Meals,210.95,2023-01-12 09:00:00,0,0.18266561147425192,1
1044,Finance,Meals,310.09,2023-01-12 10:00:00,0,0.00821292938995899,1
1059,HR,Other,253.74,2023-01-12 11:00:00,0,0.14689458399377892,1
1005,Engineering,Meals,754.7,2023-01-12 12:00:00,1,-0.17362985107872586,-1
1000,Marketing,Other,188.21,2023-01-12 13:00:00,0,0.18317658763043337,1
1051,Finance,Meals,228.18,2023-01-12 14:00:00,0,0.1702622192683778,1
1077,Engineering,Other,167.89,2023-01-12 15:00:00,0,0.16905533039231685,1
1036,Finance,Travel,144.68,2023-01-12 16:00:00,0,0.13525816435287147,1
1054,Finance,Supplies,205.87,2023-01-12 17:00:00,0,0.18404972847278206,1
1017,Engineering,Software,145.61,2023-01-12 18:00:00,0,0.13302933892130148,1
1059,Finance,Meals,176.24,2023-01-12 19:00:00,0,0.182025296206216,1
1063,Marketing,Supplies,265.08,2023-01-12 20:00:00,0,0.11906824304343216,1
1098,Finance,Other,265.63,2023-01-12 21:00:00,0,0.11703038247198344,1
1000,Engineering,Meals,81.55,2023-01-12 22:00:00,0,-0.04590062591455579,-1
1017,HR,Supplies,244.7,2023-01-12 23:00:00,0,0.1637300059807919,1
1007,HR,Supplies,288.02,2023-01-13 00:00:00,0,0.07894427740778953,1
1015,HR,Meals,201.45,2023-01-13 01:00:00,0,0.18756008457737716,1
1002,Engineering,Meals,201.64,2023-01-13 02:00:00,0,0.18832400486352407,1
1070,Finance,Travel,144.07,2023-01-13 03:00:00,0,0.13175935242777714,1
1065,Finance,Travel,151.59,2023-01-13 04:00:00,0,0.13099417117690682,1
1081,HR,Other,256.77,2023-01-13 05:00:00,0,0.13605732928700826,1
1080,Engineering,Meals,139.38,2023-01-13 06:00:00,0,0.12378425649301267,1
1084,Finance,Supplies,164.01,2023-01-13 07:00:00,0,0.16851013172636653,1
1076,Engineering,Supplies,160.33,2023-01-13 08:00:00,0,0.1553931340653748,1
1019,HR,Software,228.9,2023-01-13 09:00:00,0,0.1707283963277818,1
1001,Finance,Supplies,287.16,2023-01-13 10:00:00,0,0.07855042904602749,1
1072,Marketing,Travel,243.09,2023-01-13 11:00:00,0,0.16003375757601146,1
1038,HR,Meals,198.89,2023-01-13 12:00:00,0,0.19075017573227698,1
1002,Marketing,Meals,190.36,2023-01-13 13:00:00,0,0.17928034424175188,1
1086,Finance,Meals,234.34,2023-01-13 14:00:00,0,0.16741700165286988,1
1002,HR,Meals,223.96,2023-01-13 15:00:00,0,0.18166558416798645,1
1034,Engineering,Travel,122.47,2023-01-13 16:00:00,0,0.10616394134327295,1
1051,Finance,Software,170.99,2023-01-13 17:00:00,0,0.16725248528191583,1
1052,Finance,Meals,111.77,2023-01-13 18:00:00,0,0.060304705103685685,1
1089,Marketing,Meals,214.79,2023-01-13 19:00:00,0,0.19000212936220262,1
1010,Finance,Travel,159.44,2023-01-13 20:00:00,0,0.15428966077710815,1
1045,HR,Supplies,190.48,2023-01-13 21:00:00,0,0.17928034424175188,1
1069,HR,Software,228.71,2023-01-13 22:00:00,0,0.1709640468999264,1
1094,Marketing,Software,152.21,2023-01-13 23:00:00,0,0.1367848803800697,1
1096,Engineering,Supplies,145.23,2023-01-14 00:00:00,0,0.13611179611865704,1
1027,Finance,Meals,204.35,2023-01-14 01:00:00,0,0.186329069726881,1
1011,Marketing,Travel,242.91,2023-01-14 02:00:00,0,0.159685918595168,1
1066,Engineering,Travel,269.04,2023-01-14 03:00:00,0,0.10734940061701398,1
1053,HR,Software,169.6,2023-01-14 04:00:00,0,0.16727498027536059,1
1062,Finance,Meals,171.03,2023-01-14 05:00:00,0,0.16725248528191583,1
1059,Finance,Meals,233.71,2023-01-14 06:00:00,0,0.17465571299866706,1
1003,HR,Other,183.26,2023-01-14 07:00:00,0,0.17748438546048056,1
1020,Engineering,Software,156.28,2023-01-14 08:00:00,0,0.14751240814138006,1
1033,Marketing,Supplies,210.71,2023-01-14 09:00:00,0,0.18266561147425192,1
1033,HR,Supplies,127.69,2023-01-14 10:00:00,0,0.10391467739625765,1
1016,Finance,Supplies,285.49,2023-01-14 11:00:00,0,0.08001077836314496,1
1027,Marketing,Meals,172.5,2023-01-14 12:00:00,0,0.17400823920316283,1
1001,Finance,Supplies,205.64,2023-01-14 13:00:00,0,0.18321106585840036,1
1005,Finance,Software,273.45,2023-01-14 14:00:00,0,0.11125128323439576,1
1029,Marketing,Travel,207.02,2023-01-14 15:00:00,0,0.18241567924639662,1
1024,Marketing,Travel,205.41,2023-01-14 16:00:00,0,0.1821043004907577,1
1083,Engineering,Software,151.12,2023-01-14 17:00:00,0,0.13111514778372063,1
1068,HR,Meals,251.59,2023-01-14 18:00:00,0,0.1551196401942398,1
1095,Finance,Supplies,187.14,2023-01-14 19:00:00,0,0.18155565681156877,1
1021,Finance,Travel,245.12,2023-01-14 20:00:00,0,0.16488488675251178,1
1082,Engineering,Other,190.96,2023-01-14 21:00:00,0,0.17821007987076776,1
1004,HR,Other,215.62,2023-01-14 22:00:00,0,0.1912253870700955,1
1057,HR,Other,167.88,2023-01-14 23:00:00,0,0.1676855492988995,1
1013,Marketing,Meals,164.09,2023-01-15 00:00:00,0,0.16844694900563606,1
1077,Engineering,Other,187.53,2023-01-15 01:00:00,0,0.1836649428581127,1
1097,Engineering,Meals,201.06,2023-01-15 02:00:00,0,0.18692158403760967,1
1037,Marketing,Meals,190.03,2023-01-15 03:00:00,0,0.18277547443896852,1
1034,Marketing,Travel,250.15,2023-01-15 04:00:00,0,0.1544197023024716,1
1062,Finance,Travel,173.99,2023-01-15 05:00:00,0,0.17644918697144574,1
1065,Finance,Travel,198.39,2023-01-15 06:00:00,0,0.1916887960089269,1
1006,Engineering,Supplies,197.65,2023-01-15 07:00:00,0,0.19342195007181961,1
1074,Engineering,Supplies,164.05,2023-01-15 08:00:00,0,0.1673465677816312,1
1074,HR,Software,259.31,2023-01-15 09:00:00,0,0.129496339127178,1
1003,HR,Software,173.79,2023-01-15 10:00:00,0,0.1743001791424587,1
1010,HR,Software,207.99,2023-01-15 11:00:00,0,0.18604520144374054,1
1007,Engineering,Software,221.53,2023-01-15 12:00:00,0,0.17831963183472033,1
1036,HR,Other,192.69,2023-01-15 13:00:00,0,0.17530914536965814,1
1011,Finance,Supplies,187.02,2023-01-15 14:00:00,0,0.18155565681156877,1
1056,Engineering,Other,193.74,2023-01-15 15:00:00,0,0.1798485912839906,1
1041,Marketing,Supplies,176.06,2023-01-15 16:00:00,0,0.1817983119692329,1
1070,HR,Supplies,193.71,2023-01-15 17:00:00,0,0.180123065410357,1
1087,HR,Meals,262.9,2023-01-15 18:00:00,0,0.11770302280085071,1
1074,Marketing,Travel,220.69,2023-01-15 19:00:00,0,0.17863040590073154,1
1071,Marketing,Meals,199.17,2023-01-15 20:00:00,0,0.19271017370958954,1
1005,Marketing,Meals,293.44,2023-01-15 21:00:00,0,0.058266846198403166,1
1043,Finance,Travel,189.64,2023-01-15 22:00:00,0,0.18244912210220599,1
1022,Marketing,Supplies,241.72,2023-01-15 23:00:00,0,0.15379442585825692,1
1019,Marketing,Supplies,203.28,2023-01-16 00:00:00,0,0.18740202692201918,1
1044,Finance,Supplies,67.48,2023-01-16 01:00:00,0,-0.09941182482755662,-1
1013,Finance,Travel,158.83,2023-01-16 02:00:00,0,0.1557809148066494,1
1054,HR,Meals,240.51,2023-01-16 03:00:00,0,0.1594283627204231,1
1023,Finance,Travel,281.89,2023-01-16 04:00:00,0,0.08696257597772572,1
1009,Engineering,Meals,254.17,2023-01-16 05:00:00,0,0.14756745558863377,1
1086,Engineering,Supplies,91.01,2023-01-16 06:00:00,0,0.0023133546688858253,1
1037,HR,Software,255.55,2023-01-16 07:00:00,0,0.1430743258974816,1
1033,Engineering,Meals,299.81,2023-01-16 08:00:00,0,0.041425708801899885,1
1037,Engineering,Meals,146.03,2023-01-16 09:00:00,0,0.13433677303568803,1
1066,Marketing,Other,224.19,2023-01-16 10:00:00,0,0.17918614698811436,1
1009,Marketing,Travel,209.35,2023-01-16 11:00:00,0,0.18298003969287868,1
1081,HR,Meals,237.07,2023-01-16 12:00:00,0,0.16274468783294,1
1029,Finance,Meals,312.94,2023-01-16 13:00:00,0,-0.0007622529191952943,-1
1073,Engineering,Supplies,180.67,2023-01-16 14:00:00,0,0.17194448296804887,1
1036,HR,Other,148.32,2023-01-16 15:00:00,0,0.13002922111759257,1
1015,Engineering,Software,273.81,2023-01-16 16:00:00,0,0.10939838499844695,1
1051,HR,Supplies,183.59,2023-01-16 17:00:00,0,0.17895381527325321,1
1046,Finance,Meals,325.3,2023-01-16 18:00:00,0,-0.032179500539175065,-1
1066,Finance,Meals,89.41,2023-01-16 19:00:00,0,-0.01036208696853802,-1
1070,Marketing,Travel,227.77,2023-01-16 20:00:00,0,0.17251608018122938,1
1038,HR,Software,227.5,2023-01-16 21:00:00,0,0.1727859650394018,1
1064,Engineering,Software,162.07,2023-01-16 22:00:00,0,0.16057017656986028,1
1089,Marketing,Other,207.64,2023-01-16 23:00:00,0,0.184372243175912,1
1022,Finance,Software,201.36,2023-01-17 00:00:00,0,0.18706102944285613,1
1097,Engineering,Supplies,89.06,2023-01-17 01:00:00,0,-0.01197731539133029,-1
1043,HR,Meals,174.73,2023-01-17 02:00:00,0,0.17477182650369644,1
1032,Finance,Travel,257.4,2023-01-17 03:00:00,0,0.13440909972974435,1
1081,HR,Travel,283.11,2023-01-17 04:00:00,0,0.08387343963558447,1
1015,Finance,Software,198.33,2023-01-17 05:00:00,0,0.19239720314401754,1
1014,HR,Travel,205.41,2023-01-17 06:00:00,0,0.1821043004907577,1
1037,HR,Supplies,254.66,2023-01-17 07:00:00,0,0.1466581958338331,1
1077,Finance,Meals,142.45,2023-01-17 08:00:00,0,0.12462609507011069,1
1017,Marketing,Supplies,227.19,2023-01-17 09:00:00,0,0.17244823811833004,1
1075,Engineering,Travel,283.45,2023-01-17 10:00:00,0,0.08009021070334454,1
1010,Finance,Meals,165.29,2023-01-17 11:00:00,0,0.17282279199961736,1
1002,Marketing,Supplies,160.35,2023-01-17 12:00:00,0,0.15481051352671593,1
1087,Finance,Other,212.15,2023-01-17 13:00:00,0,0.18722761027802004,1
1029,HR,Travel,211.22,2023-01-17 14:00:00,0,0.1830776964634908,1
1003,Engineering,Other,927.55,2023-01-17 15:00:00,1,-0.15485794680522214,-1
1026,HR,Software,165.79,2023-01-17 16:00:00,0,0.17184461902954662,1
1016,Finance,Supplies,278.83,2023-01-17 17:00:00,0,0.09040226256118761,1
1038,HR,Other,189.04,2023-01-17 18:00:00,0,0.179266137918149,1
1087,Finance,Travel,124.89,2023-01-17 19:00:00,0,0.10106778763845936,1
1001,HR,Software,231.71,2023-01-17 20:00:00,0,0.1622150002659345,1
1094,Marketing,Software,250.13,2023-01-17 21:00:00,0,0.1544197023024716,1
1073,Marketing,Software,177.42,2023-01-17 22:00:00,0,0.18099007313771148,1
1097,Marketing,Meals,160.25,2023-01-17 23:00:00,0,0.15508170131397675,1
1051,Finance,Software,242.18,2023-01-18 00:00:00,0,0.15428896608066045,1
1095,Finance,Supplies,162.22,2023-01-18 01:00:00,0,0.1601883402787,1
1056,Marketing,Other,229.37,2023-01-18 02:00:00,0,0.1710455956943705,1
1069,Engineering,Software,207.02,2023-01-18 03:00:00,0,0.18241567924639662,1
1090,Finance,Supplies,192.0,2023-01-18 04:00:00,0,0.17506779803425515,1
1063,Marketing,Travel,279.77,2023-01-18 05:00:00,0,0.08990193038521521,1
1005,HR,Meals,208.66,2023-01-18 06:00:00,0,0.18683112235375265,1
1083,Finance,Software,241.3,2023-01-18 07:00:00,0,0.1540574852499088,1
1092,Marketing,Supplies,252.91,2023-01-18 08:00:00,0,0.15315766498779687,1
1038,Marketing,Software,178.75,2023-01-18 09:00:00,0,0.17836839860321096,1
1038,HR,Travel,253.25,2023-01-18 10:00:00,0,0.15131584790030722,1
1038,Finance,Meals,231.31,2023-01-18 11:00:00,0,0.16807119577341828,1
1007,Engineering,Software,131.23,2023-01-18 12:00:00,0,0.10727466305392014,1
1012,Finance,Travel,168.94,2023-01-18 13:00:00,0,0.16390929303927126,1
1046,HR,Software,221.24,2023-01-18 14:00:00,0,0.18070433121524127,1
1090,Marketing,Travel,224.38,2023-01-18 15:00:00,0,0.17688571174863882,1
1066,Finance,Supplies,249.07,2023-01-18 16:00:00,0,0.1526566216076724,1
1061,Marketing,Meals,181.54,2023-01-18 17:00:00,0,0.1795997357260098,1
1043,Marketing,Travel,250.05,2023-01-18 18:00:00,0,0.15305557939645903,1
1035,Finance,Other,123.94,2023-01-18 19:00:00,0,0.10117115400281834,1
1073,HR,Travel,186.75,2023-01-18 20:00:00,0,0.18028981652650022,1
1025,Marketing,Supplies,247.39,2023-01-18 21:00:00,0,0.14832722276237853,1
1078,Engineering,Software,160.85,2023-01-18 22:00:00,0,0.15691561355958733,1
1072,Marketing,Supplies,176.76,2023-01-18 23:00:00,0,0.18031910385061095,1
1001,Marketing,Software,221.01,2023-01-19 00:00:00,0,0.17961487261206627,1
1039,Engineering,Software,248.58,2023-01-19 01:00:00,0,0.15177445787894328,1
1001,HR,Supplies,224.07,2023-01-19 02:00:00,0,0.18062498581865705,1
1029,Finance,Software,215.41,2023-01-19 03:00:00,0,0.19098164670982304,1
1009,Engineering,Supplies,208.73,2023-01-19 04:00:00,0,0.18683112235375265,1
1056,Engineering,Software,359.07,2023-01-19 05:00:00,0,-0.10481679927452814,-1
1030,Engineering,Supplies,180.81,2023-01-19 06:00:00,0,0.1722243030972146,1
1084,HR,Meals,286.37,2023-01-19 07:00:00,0,0.0820991672252912,1
1008,HR,Supplies,175.71,2023-01-19 08:00:00,0,0.17779476934026073,1
1073,Marketing,Supplies,188.16,2023-01-19 09:00:00,0,0.18350524479878477,1
1086,Marketing,Software,126.05,2023-01-19 10:00:00,0,0.10277426103133014,1
1015,Marketing,Travel,230.19,2023-01-19 11:00:00,0,0.16738840831821455,1
1000,Finance,Other,225.87,2023-01-19 12:00:00,0,0.16994061678148992,1
1093,Finance,Meals,224.85,2023-01-19 13:00:00,0,0.17462161075038957,1
1053,Marketing,Supplies,219.2,2023-01-19 14:00:00,0,0.17968491092140232,1
1051,Marketing,Meals,183.06,2023-01-19 15:00:00,0,0.17647963124569305,1
1040,Engineering,Other,209.71,2023-01-19 16:00:00,0,0.18232218344001155,1
1063,Engineering,Travel,240.58,2023-01-19 17:00:00,0,0.15836722840962186,1
1077,Finance,Travel,221.25,2023-01-19 18:00:00,0,0.18070433121524127,1
1035,HR,Travel,216.12,2023-01-19 19:00:00,0,0.1876517302911609,1
1053,Finance,Other,223.02,2023-01-19 20:00:00,0,0.17938813335432197,1
1039,HR,Software,193.04,2023-01-19 21:00:00,0,0.17628969693761998,1
1036,Finance,Meals,167.59,2023-01-19 22:00:00,0,0.16779031507191683,1
1003,Marketing,Travel,97.43,2023-01-19 23:00:00,0,0.020671533521745333,1
1024,HR,Meals,215.19,2023-01-20 00:00:00,0,0.1906590995479749,1
1032,Finance,Software,203.95,2023-01-20 01:00:00,0,0.18767095248665472,1
1029,Finance,Travel,192.4,2023-01-20 02:00:00,0,0.17462522393497815,1
1013,Marketing,Meals,237.09,2023-01-20 03:00:00,0,0.16274468783294,1
1026,Marketing,Travel,159.18,2023-01-20 04:00:00,0,0.154588323882962,1
1090,Engineering,Travel,199.39,2023-01-20 05:00:00,0,0.19473732661299392,1
1094,Finance,Other,122.71,2023-01-20 06:00:00,0,0.10338883787905229,1
1022,Finance,Meals,282.84,2023-01-20 07:00:00,0,0.08496117657944091,1
1055,Finance,Meals,202.48,2023-01-20 08:00:00,0,0.19033279320875468,1
1082,Engineering,Meals,153.53,2023-01-20 09:00:00,0,0.13695864921764878,1
1030,HR,Travel,265.41,2023-01-20 10:00:00,0,0.11735484232376592,1
1034,HR,Software,191.87,2023-01-20 11:00:00,0,0.1743130896391707,1
1029,Marketing,Other,194.29,2023-01-20 12:00:00,0,0.1814282502138163,1
1022,Finance,Meals,200.5,2023-01-20 13:00:00,0,0.19001936660815283,1
1010,Finance,Software,175.42,2023-01-20 14:00:00,0,0.17762873268451285,1
1027,Finance,Other,197.42,2023-01-20 15:00:00,0,0.19198706625477774,1
1030,Engineering,Supplies,204.79,2023-01-20 16:00:00,0,0.18499460604792684,1
1091,Finance,Other,173.64,2023-01-20 17:00:00,0,0.1743001791424587,1
1038,Finance,Supplies,172.12,2023-01-20 18:00:00,0,0.17136795369647695,1
1092,HR,Supplies,153.21,2023-01-20 19:00:00,0,0.13511385973301582,1
1036,Marketing,Other,232.81,2023-01-20 20:00:00,0,0.16859727532784968,1
1073,Marketing,Supplies,103.95,2023-01-20 21:00:00,0,0.04930161408977152,1
1077,HR,Supplies,179.94,2023-01-20 22:00:00,0,0.17043108152338082,1
1035,HR,Supplies,302.78,2023-01-20 23:00:00,0,0.03223480512050336,1
1082,HR,Supplies,183.55,2023-01-21 00:00:00,0,0.17895381527325321,1
1020,Engineering,Travel,166.64,2023-01-21 01:00:00,0,0.170316416517921,1
1083,HR,Software,1045.45,2023-01-21 02:00:00,1,-0.17055374505888565,-1
1037,Engineering,Supplies,272.59,2023-01-21 03:00:00,0,0.11154842250465491,1
1076,HR,Travel,222.07,2023-01-21 04:00:00,0,0.181981654748339,1
1067,Marketing,Meals,244.23,2023-01-21 05:00:00,0,0.16299689767657277,1
1096,Marketing,Supplies,135.53,2023-01-21 06:00:00,0,0.11702718327104783,1
1058,HR,Travel,259.27,2023-01-21 07:00:00,0,0.13072920862661447,1
1022,Finance,Other,123.36,2023-01-21 08:00:00,0,0.0996319434992552,1
1014,HR,Travel,188.21,2023-01-21 09:00:00,0,0.18317658763043337,1
1098,Finance,Travel,123.55,2023-01-21 10:00:00,0,0.09923474180607872,1
1041,Engineering,Meals,114.9,2023-01-21 11:00:00,0,0.08345757114151742,1
1047,Engineering,Other,271.95,2023-01-21 12:00:00,0,0.11325082062831232,1
1047,Engineering,Other,171.99,2023-01-21 13:00:00,0,0.1696162269769032,1
1078,Engineering,Software,158.35,2023-01-21 14:00:00,0,0.15451757342818773,1
1061,HR,Other,179.81,2023-01-21 15:00:00,0,0.1707119252529371,1
1046,HR,Other,359.21,2023-01-21 16:00:00,0,-0.10481679927452814,-1
1028,Finance,Meals,217.37,2023-01-21 17:00:00,0,0.18097060725180975,1
1056,HR,Meals,264.94,2023-01-21 18:00:00,0,0.11906824304343216,1
1012,Marketing,Software,133.12,2023-01-21 19:00:00,0,0.11639939875453398,1
1019,HR,Travel,238.08,2023-01-21 20:00:00,0,0.159348997470808,1
1065,Marketing,Supplies,286.66,2023-01-21 21:00:00,0,0.08163705195800963,1
1028,Engineering,Supplies,215.69,2023-01-21 22:00:00,0,0.1901087403638867,1
1022,Engineering,Meals,232.99,2023-01-21 23:00:00,0,0.16931865209558744,1
1020,HR,Software,235.65,2023-01-22 00:00:00,0,0.16199804328796097,1
1032,HR,Travel,201.96,2023-01-22 01:00:00,0,0.18911051833239878,1
1083,Engineering,Software,187.76,2023-01-22 02:00:00,0,0.18348378615738375,1
1061,Marketing,Meals,217.65,2023-01-22 03:00:00,0,0.17923963192763642,1
1003,Finance,Software,218.84,2023-01-22 04:00:00,0,0.17894077589658103,1
1005,Finance,Supplies,159.59,2023-01-22 05:00:00,0,0.15484837219423525,1
1052,HR,Supplies,165.12,2023-01-22 06:00:00,0,0.17018287733083176,1
1092,Finance,Software,205.6,2023-01-22 07:00:00,0,0.18293868173783295,1
1055,HR,Meals,218.58,2023-01-22 08:00:00,0,0.17776182030065435,1
1028,Engineering,Software,173.01,2023-01-22 09:00:00,0,0.17228947479324397,1
1026,Marketing,Travel,150.38,2023-01-22 10:00:00,0,0.1325778246866487,1
1086,Finance,Software,149.24,2023-01-22 11:00:00,0,0.12798880391316886,1
1057,HR,Meals,132.31,2023-01-22 12:00:00,0,0.11011702195102047,1
1031,Finance,Software,163.49,2023-01-22 13:00:00,0,0.1665698151118622,1
1056,Marketing,Travel,199.73,2023-01-22 14:00:00,0,0.19183339142591044,1
1077,Engineering,Travel,262.95,2023-01-22 15:00:00,0,0.1181229871436264,1
1009,Finance,Other,177.14,2023-01-22 16:00:00,0,0.1800865698613624,1
1056,HR,Meals,161.89,2023-01-22 17:00:00,0,0.15884744970748788,1
1018,HR,Supplies,261.13,2023-01-22 18:00:00,0,0.1260898362729761,1
1091,HR,Supplies,175.35,2023-01-22 19:00:00,0,0.17660416025856962,1
1019,Marketing,Supplies,94.33,2023-01-22 20:00:00,0,0.010359956704052209,1
1081,Marketing,Travel,120.75,2023-01-22 21:00:00,0,0.10299382826536413,1
1069,Finance,Other,947.8,2023-01-22 22:00:00,1,-0.15485794680522214,-1
1049,Finance,Travel,218.45,2023-01-22 23:00:00,0,0.17766553712100086,1
1030,HR,Software,183.08,2023-01-23 00:00:00,0,0.17583489675242037,1
1010,HR,Software,174.43,2023-01-23 01:00:00,0,0.1750173105139602,1
1000,HR,Travel,180.97,2023-01-23 02:00:00,0,0.17571806414509544,1
1013,Marketing,Travel,213.63,2023-01-23 03:00:00,0,0.1871863212425362,1
1056,Engineering,Meals,207.59,2023-01-23 04:00:00,0,0.18319570838850224,1
1082,Finance,Travel,177.23,2023-01-23 05:00:00,0,0.17981207103425184,1
1081,HR,Software,186.76,2023-01-23 06:00:00,0,0.18028981652650022,1
1096,Marketing,Meals,161.34,2023-01-23 07:00:00,0,0.1574898012788178,1
1006,Engineering,Meals,236.69,2023-01-23 08:00:00,0,0.1608028618134108,1
1032,Engineering,Meals,194.19,2023-01-23 09:00:00,0,0.18148496767384525,1
1034,Marketing,Travel,174.67,2023-01-23 10:00:00,0,0.17421544643118947,1
1081,HR,Meals,133.26,2023-01-23 11:00:00,0,0.11639939875453398,1
1040,Engineering,Travel,203.38,2023-01-23 12:00:00,0,0.18707655435561915,1
1072,Finance,Other,182.02,2023-01-23 13:00:00,0,0.17842811180566542,1
1068,Engineering,Other,178.8,2023-01-23 14:00:00,0,0.17836839860321096,1
1024,Finance,Meals,236.58,2023-01-23 15:00:00,0,0.1614431606579067,1
1092,Finance,Other,250.29,2023-01-23 16:00:00,0,0.1539647955479675,1
1075,Marketing,Other,197.54,2023-01-23 17:00:00,0,0.19374253927563823,1
1094,HR,Supplies,268.71,2023-01-23 18:00:00,0,0.10742681822145517,1
1092,Finance,Software,269.6,2023-01-23 19:00:00,0,0.11224649551145899,1
1097,Engineering,Supplies,164.08,2023-01-23 20:00:00,0,0.16844694900563606,1
1088,HR,Travel,247.12,2023-01-23 21:00:00,0,0.14903066370294232,1
1053,HR,Other,221.84,2023-01-23 22:00:00,0,0.18030644254593142,1
1068,Finance,Supplies,176.48,2023-01-23 23:00:00,0,0.18057632573372412,1
1062,Engineering,Travel,136.16,2023-01-24 00:00:00,0,0.12307050981523016,1
1030,Finance,Other,220.23,2023-01-24 01:00:00,0,0.1790640967921247,1
1022,Finance,Software,217.05,2023-01-24 02:00:00,0,0.18297050870468612,1
1040,Engineering,Other,197.67,2023-01-24 03:00:00,0,0.19342195007181961,1
1097,Engineering,Software,232.26,2023-01-24 04:00:00,0,0.1650546023343505,1
1014,Engineering,Meals,223.93,2023-01-24 05:00:00,0,0.18166558416798645,1
1090,Marketing,Travel,1071.0,2023-01-24 06:00:00,1,-0.17723445990674225,-1
1082,Finance,Meals,238.59,2023-01-24 07:00:00,0,0.1594105634488252,1
1049,Finance,Other,169.57,2023-01-24 08:00:00,0,0.16639173880380964,1
1043,Marketing,Travel,265.85,2023-01-24 09:00:00,0,0.11872566435886356,1
1023,Engineering,Travel,222.0,2023-01-24 10:00:00,0,0.18177170290705608,1
1068,Engineering,Supplies,151.47,2023-01-24 11:00:00,0,0.13136543902298276,1
1067,Finance,Supplies,273.3,2023-01-24 12:00:00,0,0.11188255503233757,1
1034,HR,Other,187.95,2023-01-24 13:00:00,0,0.18352324399993725,1
1014,Finance,Travel,107.93,2023-01-24 14:00:00,0,0.06158629736699761,1
1086,HR,Supplies,125.14,2023-01-24 15:00:00,0,0.10179098299292916,1
1036,Marketing,Other,201.57,2023-01-24 16:00:00,0,0.1872442794411877,1
1033,Engineering,Software,204.25,2023-01-24 17:00:00,0,0.18622679362236827,1
1075,HR,Other,241.37,2023-01-24 18:00:00,0,0.15475199971949427,1
1016,Finance,Software,209.38,2023-01-24 19:00:00,0,0.1817760272196169,1
1085,Finance,Travel,233.11,2023-01-24 20:00:00,0,0.16998843138990744,1
1019,Engineering,Travel,153.65,2023-01-24 21:00:00,0,0.1362496593590869,1
1089,Engineering,Supplies,208.16,2023-01-24 22:00:00,0,0.18721984493707672,1
1004,HR,Travel,201.34,2023-01-24 23:00:00,0,0.18738651468645862,1
1034,Marketing,Meals,249.11,2023-01-25 00:00:00,0,0.1526566216076724,1
1099,Engineering,Meals,160.29,2023-01-25 01:00:00,0,0.15642114546893543,1
1077,HR,Software,159.34,2023-01-25 02:00:00,0,0.153997702208495,1
1040,Marketing,Software,149.88,2023-01-25 03:00:00,0,0.1308989708843586,1
1039,Engineering,Meals,164.3,2023-01-25 04:00:00,0,0.16847744784045593,1
1028,Engineering,Supplies,242.15,2023-01-25 05:00:00,0,0.1545807276507743,1
1027,Engineering,Software,823.25,2023-01-25 06:00:00,1,-0.16494654801505582,-1
1072,Marketing,Meals,271.79,2023-01-25 07:00:00,0,0.11172657828592647,1
1055,Engineering,Software,205.95,2023-01-25 08:00:00,0,0.1854965993839392,1
1027,HR,Software,189.7,2023-01-25 09:00:00,0,0.18244912210220599,1
1028,Engineering,Meals,265.56,2023-01-25 10:00:00,0,0.11671320625556386,1
1009,HR,Supplies,290.53,2023-01-25 11:00:00,0,0.06593640795888545,1
1001,Marketing,Supplies,200.26,2023-01-25 12:00:00,0,0.19072387891818626,1
1066,Marketing,Supplies,200.51,2023-01-25 13:00:00,0,0.19001936660815283,1
1040,HR,Travel,155.36,2023-01-25 14:00:00,0,0.13956854682784892,1
1038,Marketing,Travel,279.17,2023-01-25 15:00:00,0,0.09073723438123754,1
1085,Marketing,Software,155.12,2023-01-25 16:00:00,0,0.140080960661635,1
1038,Marketing,Supplies,191.56,2023-01-25 17:00:00,0,0.17747107971928255,1
1046,Engineering,Other,202.52,2023-01-25 18:00:00,0,0.19033279320875468,1
1041,Engineering,Other,285.8,2023-01-25 19:00:00,0,0.08071130599779786,1
1065,Engineering,Travel,144.61,2023-01-25 20:00:00,0,0.13525816435287147,1
1075,Marketing,Software,229.26,2023-01-25 21:00:00,0,0.17046909554839362,1
1016,HR,Travel,227.31,2023-01-25 22:00:00,0,0.1727859650394018,1
1008,Engineering,Supplies,173.45,2023-01-25 23:00:00,0,0.17665289859954691,1
1083,Marketing,Supplies,192.07,2023-01-26 00:00:00,0,0.1761269234657616,1
1047,HR,Software,249.46,2023-01-26 01:00:00,0,0.1529712302384369,1
1052,HR,Software,114.69,2023-01-26 02:00:00,0,0.0837468666947101,1
1090,Marketing,Meals,221.7,2023-01-26 03:00:00,0,0.18104807894684455,1
1070,Engineering,Other,185.25,2023-01-26 04:00:00,0,0.17189330516708606,1
1065,Marketing,Travel,203.6,2023-01-26 05:00:00,0,0.18628002591262915,1
1065,HR,Travel,213.74,2023-01-26 06:00:00,0,0.18785955512619157,1
1077,HR,Travel,236.09,2023-01-26 07:00:00,0,0.16198165560048644,1
1069,HR,Software,167.25,2023-01-26 08:00:00,0,0.17140823597440735,1
1012,HR,Meals,245.12,2023-01-26 09:00:00,0,0.16488488675251178,1
1022,HR,Software,223.99,2023-01-26 10:00:00,0,0.18089893482477082,1
1037,Marketing,Supplies,185.58,2023-01-26 11:00:00,0,0.1719895906919044,1
1042,HR,Supplies,156.7,2023-01-26 12:00:00,0,0.14717506382255807,1
1021,Engineering,Other,125.48,2023-01-26 13:00:00,0,0.09811710400214113,1
1034,Engineering,Software,201.84,2023-01-26 14:00:00,0,0.18884212705123965,1
1044,Marketing,Other,199.84,2023-01-26 15:00:00,0,0.19080574755339247,1
1036,Engineering,Software,260.85,2023-01-26 16:00:00,0,0.1300521770353094,1
1026,Engineering,Other,157.27,2023-01-26 17:00:00,0,0.15060936019744203,1
1030,Engineering,Supplies,301.04,2023-01-26 18:00:00,0,0.0369716106204232,1
1086,Finance,Software,211.97,2023-01-26 19:00:00,0,0.18682851961150232,1
1045,Finance,Other,196.61,2023-01-26 20:00:00,0,0.18731352238024523,1
1030,HR,Meals,130.93,2023-01-26 21:00:00,0,0.10667143393327722,1
1038,HR,Software,311.23,2023-01-26 22:00:00,0,0.0033301981828143257,1
1055,HR,Supplies,143.22,2023-01-26 23:00:00,0,0.1282023917518882,1
1008,Finance,Travel,283.09,2023-01-27 00:00:00,0,0.08455198536478692,1
1015,Finance,Other,289.18,2023-01-27 01:00:00,0,0.07231834431406192,1
1075,Marketing,Travel,122.66,2023-01-27 02:00:00,0,0.10382164835347857,1
1056,Marketing,Software,228.2,2023-01-27 03:00:00,0,0.1702622192683778,1
1026,Engineering,Meals,222.65,2023-01-27 04:00:00,0,0.17958379255991458,1
1051,HR,Software,170.2,2023-01-27 05:00:00,0,0.16864901712911817,1
1076,Marketing,Software,199.07,2023-01-27 06:00:00,0,0.19217808374820183,1
1077,Marketing,Meals,166.56,2023-01-27 07:00:00,0,0.1699218164130723,1
1053,Engineering,Software,168.81,2023-01-27 08:00:00,0,0.1644373346250279,1
1019,Finance,Other,192.95,2023-01-27 09:00:00,0,0.17628969693761998,1
1000,Marketing,Travel,105.15,2023-01-27 10:00:00,0,0.05196173788713809,1
1019,HR,Travel,272.88,2023-01-27 11:00:00,0,0.11032479228307696,1
1049,HR,Travel,150.27,2023-01-27 12:00:00,0,0.1326868624817461,1
1012,HR,Other,263.71,2023-01-27 13:00:00,0,0.1164355972239855,1
1024,Marketing,Other,251.64,2023-01-27 14:00:00,0,0.154852216699842,1
1062,Engineering,Travel,203.75,2023-01-27 15:00:00,0,0.18747503053585535,1
1099,Finance,Meals,193.32,2023-01-27 16:00:00,0,0.1801065533149051,1
1056,HR,Meals,208.67,2023-01-27 17:00:00,0,0.18656118834263163,1
1009,Marketing,Software,210.41,2023-01-27 18:00:00,0,0.18304042366133422,1
1004,Engineering,Other,164.13,2023-01-27 19:00:00,0,0.1685909475105561,1
1008,Marketing,Meals,230.62,2023-01-27 20:00:00,0,0.16915253742598774,1
1082,HR,Supplies,173.9,2023-01-27 21:00:00,0,0.17723795516447965,1
1063,Marketing,Supplies,157.69,2023-01-27 22:00:00,0,0.15345961494826293,1
1030,Marketing,Supplies,178.01,2023-01-27 23:00:00,0,0.18223179953352692,1
1000,Engineering,Meals,170.98,2023-01-28 00:00:00,0,0.16725248528191583,1
1062,Finance,Travel,130.57,2023-01-28 01:00:00,0,0.10766685818181726,1
1039,Marketing,Meals,170.1,2023-01-28 02:00:00,0,0.16907180722630916,1
1044,Marketing,Travel,185.95,2023-01-28 03:00:00,0,0.1795237503803711,1
1035,HR,Other,101.69,2023-01-28 04:00:00,0,0.0337508570734395,1
1069,Marketing,Software,197.92,2023-01-28 05:00:00,0,0.1917728106834095,1
1044,HR,Software,214.37,2023-01-28 06:00:00,0,0.18904122642322618,1
1011,Finance,Supplies,220.71,2023-01-28 07:00:00,0,0.1781601406807662,1
1068,Marketing,Other,995.25,2023-01-28 08:00:00,1,-0.17004227369056657,-1
1088,HR,Other,184.77,2023-01-28 09:00:00,0,0.17185709186288473,1
1067,Finance,Other,279.57,2023-01-28 10:00:00,0,0.09121905313996015,1
1053,Finance,Travel,120.22,2023-01-28 11:00:00,0,0.09950517699691042,1
1099,Engineering,Supplies,246.44,2023-01-28 12:00:00,0,0.15658450238599997,1
1069,Engineering,Supplies,255.5,2023-01-28 13:00:00,0,0.14406028185666536,1
1054,Finance,Supplies,306.06,2023-01-28 14:00:00,0,0.02268483102673402,1
1001,Engineering,Meals,213.71,2023-01-28 15:00:00,0,0.18785955512619157,1
1047,Marketing,Travel,119.71,2023-01-28 16:00:00,0,0.09983399199267223,1
1077,Marketing,Supplies,176.21,2023-01-28 17:00:00,0,0.182025296206216,1
1025,Finance,Software,256.36,2023-01-28 18:00:00,0,0.13878699792149973,1
1090,Marketing,Other,200.57,2023-01-28 19:00:00,0,0.1912725555975841,1
1036,Marketing,Travel,240.46,2023-01-28 20:00:00,0,0.1594283627204231,1
1014,Marketing,Other,164.06,2023-01-28 21:00:00,0,0.16844694900563606,1
1087,Engineering,Travel,188.77,2023-01-28 22:00:00,0,0.18134114470830148,1
1076,Marketing,Supplies,219.22,2023-01-28 23:00:00,0,0.17968491092140232,1
1071,Marketing,Travel,236.71,2023-01-29 00:00:00,0,0.1608028618134108,1
1071,Marketing,Software,215.91,2023-01-29 01:00:00,0,0.18769007119889108,1
1086,Marketing,Travel,228.24,2023-01-29 02:00:00,0,0.16907803434521274,1
1055,Marketing,Travel,192.72,2023-01-29 03:00:00,0,0.17530914536965814,1
1099,Finance,Supplies,209.08,2023-01-29 04:00:00,0,0.18163150530494088,1
1002,HR,Supplies,259.8,2023-01-29 05:00:00,0,0.12910113121664618,1
1068,Marketing,Supplies,255.82,2023-01-29 06:00:00,0,0.14112776785128106,1
1041,Finance,Software,272.82,2023-01-29 07:00:00,0,0.10964261310934664,1
1093,Marketing,Software,219.79,2023-01-29 08:00:00,0,0.1784437904186678,1
1022,Marketing,Other,203.21,2023-01-29 09:00:00,0,0.18740202692201918,1
1031,Engineering,Supplies,139.83,2023-01-29 10:00:00,0,0.12270850590207932,1
1088,Engineering,Software,241.46,2023-01-29 11:00:00,0,0.15403172055070613,1
1073,Marketing,Other,193.55,2023-01-29 12:00:00,0,0.1793154399559896,1
1080,Engineering,Software,186.58,2023-01-29 13:00:00,0,0.18216310410468733,1
1012,Finance,Meals,225.51,2023-01-29 14:00:00,0,0.1730628971419696,1
1051,Marketing,Software,136.32,2023-01-29 15:00:00,0,0.12123909742327726,1
1088,Marketing,Travel,233.67,2023-01-29 16:00:00,0,0.17333765681859536,1
1079,Engineering,Meals,181.18,2023-01-29 17:00:00,0,0.17652582006096146,1
1090,HR,Travel,207.99,2023-01-29 18:00:00,0,0.18604520144374054,1
1045,Marketing,Travel,216.03,2023-01-29 19:00:00,0,0.1879209267060754,1
1055,Engineering,Travel,214.58,2023-01-29 20:00:00,0,0.18898113591521787,1
1080,HR,Travel,166.12,2023-01-29 21:00:00,0,0.17213721864749604,1
1047,Engineering,Supplies,159.73,2023-01-29 22:00:00,0,0.15697519668251275,1
1016,Engineering,Software,190.81,2023-01-29 23:00:00,0,0.17903357614361087,1
1008,Finance,Software,191.56,2023-01-30 00:00:00,0,0.17747107971928255,1
1060,Finance,Software,219.58,2023-01-30 01:00:00,0,0.17888419612321804,1
1073,HR,Supplies,187.56,2023-01-30 02:00:00,0,0.18435559527679707,1
1037,HR,Travel,151.65,2023-01-30 03:00:00,0,0.13099417117690682,1
1010,Marketing,Other,251.07,2023-01-30 04:00:00,0,0.15169339445793778,1
1082,Finance,Meals,116.2,2023-01-30 05:00:00,0,0.08738021730299744,1
1044,Marketing,Meals,232.77,2023-01-30 06:00:00,0,0.1682564347868677,1
1079,HR,Other,166.7,2023-01-30 07:00:00,0,0.170316416517921,1
1068,Marketing,Travel,229.7,2023-01-30 08:00:00,0,0.16604049483531053,1
1065,HR,Travel,207.05,2023-01-30 09:00:00,0,0.18241567924639662,1
1042,HR,Travel,160.44,2023-01-30 10:00:00,0,0.15481051352671593,1
1045,Finance,Travel,161.2,2023-01-30 11:00:00,0,0.1560396198971884,1
1020,Engineering,Supplies,237.05,2023-01-30 12:00:00,0,0.16303073031237963,1
1083,Engineering,Travel,234.57,2023-01-30 13:00:00,0,0.16898906134802066,1
1093,Marketing,Meals,147.57,2023-01-30 14:00:00,0,0.1284375489928397,1
1075,Marketing,Other,205.42,2023-01-30 15:00:00,0,0.1821043004907577,1
1026,Marketing,Other,222.01,2023-01-30 16:00:00,0,0.18177170290705608,1
1075,HR,Software,227.26,2023-01-30 17:00:00,0,0.17185521549893612,1
1093,HR,Supplies,227.49,2023-01-30 18:00:00,0,0.1727859650394018,1
1064,Marketing,Meals,177.0,2023-01-30 19:00:00,0,0.18051860632030448,1
1082,Marketing,Software,173.94,2023-01-30 20:00:00,0,0.17723795516447965,1
1007,Finance,Meals,158.26,2023-01-30 21:00:00,0,0.15368492641078846,1
1081,HR,Travel,231.87,2023-01-30 22:00:00,0,0.16197093255047668,1
1041,HR,Software,210.6,2023-01-30 23:00:00,0,0.18325776363741503,1
1029,Finance,Other,202.86,2023-01-31 00:00:00,0,0.1893844031307052,1
1059,Engineering,Other,116.92,2023-01-31 01:00:00,0,0.08662893074079686,1
1025,Engineering,Meals,266.01,2023-01-31 02:00:00,0,0.11691932658549598,1
1076,Marketing,Meals,115.33,2023-01-31 03:00:00,0,0.08364189980305214,1
1023,Engineering,Other,168.32,2023-01-31 04:00:00,0,0.1671322969825212,1
1090,HR,Software,161.06,2023-01-31 05:00:00,0,0.1560396198971884,1
1022,HR,Travel,203.46,2023-01-31 06:00:00,0,0.18554285039065183,1
1005,Finance,Software,154.27,2023-01-31 07:00:00,0,0.14169920784384554,1
1094,Finance,Supplies,132.56,2023-01-31 08:00:00,0,0.11060913984413806,1
1032,Finance,Travel,230.97,2023-01-31 09:00:00,0,0.16485284227734442,1
1003,Engineering,Other,171.87,2023-01-31 10:00:00,0,0.16919278237342184,1
1012,HR,Supplies,167.37,2023-01-31 11:00:00,0,0.16932132252017035,1
1043,Marketing,Travel,121.2,2023-01-31 12:00:00,0,0.10151295414196748,1
1019,Marketing,Software,331.0,2023-01-31 13:00:00,0,-0.04612938876900352,-1
1004,Finance,Software,700.1999999999999,2023-01-31 14:00:00,1,-0.1803377415306332,-1
1002,Finance,Other,107.32,2023-01-31 15:00:00,0,0.06184909681491724,1
1070,Marketing,Software,177.68,2023-01-31 16:00:00,0,0.18168040769595284,1
1069,Finance,Meals,231.81,2023-01-31 17:00:00,0,0.16197093255047668,1
1097,Engineering,Software,118.99,2023-01-31 18:00:00,0,0.0918521725499134,1
1071,Engineering,Meals,211.55,2023-01-31 19:00:00,0,0.18235877969165437,1
1025,HR,Software,206.05,2023-01-31 20:00:00,0,0.18468353762969703,1
1067,Marketing,Travel,93.18,2023-01-31 21:00:00,0,0.011330650253100982,1
1000,Marketing,Supplies,167.43,2023-01-31 22:00:00,0,0.16932132252017035,1
1067,Marketing,Other,268.11,2023-01-31 23:00:00,0,0.10946028018823328,1
1048,Marketing,Supplies,145.62,2023-02-01 00:00:00,0,0.1331899771260136,1
1046,Marketing,Supplies,134.69,2023-02-01 01:00:00,0,0.11095390124722676,1
1072,HR,Travel,237.6,2023-02-01 02:00:00,0,0.1643451625853234,1
1081,Engineering,Other,131.69,2023-02-01 03:00:00,0,0.10833605620092712,1
1035,HR,Meals,187.33,2023-02-01 04:00:00,0,0.18179483962404996,1
1086,Engineering,Meals,227.58,2023-02-01 05:00:00,0,0.17192392646348692,1
1064,Marketing,Supplies,232.89,2023-02-01 06:00:00,0,0.16967159240075363,1
1099,HR,Other,247.22,2023-02-01 07:00:00,0,0.14873514576490326,1
1068,HR,Travel,159.01,2023-02-01 08:00:00,0,0.15576026085765127,1
1024,Finance,Supplies,224.56,2023-02-01 09:00:00,0,0.17561967519003463,1
1060,Marketing,Meals,146.65,2023-02-01 10:00:00,0,0.13197943755120456,1
1073,Marketing,Other,146.23,2023-02-01 11:00:00,0,0.1339641431536085,1
1089,Marketing,Other,185.89,2023-02-01 12:00:00,0,0.1771541018554223,1
1032,Engineering,Supplies,172.39,2023-02-01 13:00:00,0,0.17302110718223002,1
1068,Finance,Supplies,156.8,2023-02-01 14:00:00,0,0.14717506382255807,1
1049,Finance,Software,206.81,2023-02-01 15:00:00,0,0.18274495775090172,1
1081,HR,Travel,112.79,2023-02-01 16:00:00,0,0.06363796110492781,1
1051,Marketing,Supplies,210.31,2023-02-01 17:00:00,0,0.18304042366133422,1
1026,Engineering,Software,208.55,2023-02-01 18:00:00,0,0.1877840209549112,1
1097,Marketing,Travel,210.87,2023-02-01 19:00:00,0,0.18266561147425192,1
1058,Finance,Meals,226.45,2023-02-01 20:00:00,0,0.17273081026418158,1
1063,Engineering,Meals,190.92,2023-02-01 21:00:00,0,0.17821007987076776,1
1005,Engineering,Travel,136.0,2023-02-01 22:00:00,0,0.12217713053562257,1
1001,Finance,Supplies,178.53,2023-02-01 23:00:00,0,0.1784503376926433,1
1018,Engineering,Meals,225.42,2023-02-02 00:00:00,0,0.1730628971419696,1
1026,Marketing,Other,134.63,2023-02-02 01:00:00,0,0.11160662357543277,1
1086,Marketing,Supplies,248.87,2023-02-02 02:00:00,0,0.1526566216076724,1
1079,Engineering,Other,121.86,2023-02-02 03:00:00,0,0.10479653726522115,1
1010,Marketing,Other,263.74,2023-02-02 04:00:00,0,0.1164355972239855,1
1034,Engineering,Travel,197.07,2023-02-02 05:00:00,0,0.1882957066797124,1
1083,Finance,Meals,178.53,2023-02-02 06:00:00,0,0.1784503376926433,1
1098,Finance,Travel,165.64,2023-02-02 07:00:00,0,0.1711854619101787,1
1002,HR,Travel,230.44,2023-02-02 08:00:00,0,0.16947075613610374,1
1099,Engineering,Other,250.41,2023-02-02 09:00:00,0,0.1539647955479675,1
1087,Marketing,Software,220.79,2023-02-02 10:00:00,0,0.17760834868579622,1
1087,HR,Meals,207.21,2023-02-02 11:00:00,0,0.18206465839465724,1
1082,Marketing,Other,143.61,2023-02-02 12:00:00,0,0.13285494555989286,1
1072,Engineering,Other,353.33,2023-02-02 13:00:00,0,-0.09283388323689923,-1
1091,Engineering,Other,213.05,2023-02-02 14:00:00,0,0.18839216951315685,1
1048,Engineering,Meals,199.27,2023-02-02 15:00:00,0,0.19471091382029154,1
1052,HR,Supplies,201.45,2023-02-02 16:00:00,0,0.18756008457737716,1
1086,Engineering,Meals,903.05,2023-02-02 17:00:00,1,-0.1598851829514435,-1
1002,Finance,Other,278.94,2023-02-02 18:00:00,0,0.09040226256118761,1
1055,Finance,Supplies,187.18,2023-02-02 19:00:00,0,0.18161235639530704,1
1040,Finance,Travel,153.86,2023-02-02 20:00:00,0,0.1380196345829397,1
1061,HR,Other,110.54,2023-02-02 21:00:00,0,0.061934911338204945,1
1069,HR,Travel,159.74,2023-02-02 22:00:00,0,0.15697519668251275,1
1059,Finance,Travel,219.68,2023-02-02 23:00:00,0,0.17851388325364248,1
1058,Engineering,Travel,154.81,2023-02-03 00:00:00,0,0.13919297881611303,1
1025,Finance,Supplies,101.82,2023-02-03 01:00:00,0,0.0344971814410755,1
1014,Finance,Travel,193.01,2023-02-03 02:00:00,0,0.17628969693761998,1
1071,Finance,Supplies,309.46,2023-02-03 03:00:00,0,0.010914862401800063,1
1030,Finance,Software,225.55,2023-02-03 04:00:00,0,0.1730628971419696,1
1017,Engineering,Supplies,260.62,2023-02-03 05:00:00,0,0.12709731971419858,1
1031,Engineering,Meals,240.67,2023-02-03 06:00:00,0,0.157753694090847,1
1066,Engineering,Supplies,253.39,2023-02-03 07:00:00,0,0.14926928610503154,1
1018,Marketing,Software,174.01,2023-02-03 08:00:00,0,0.17644918697144574,1
1080,Engineering,Meals,95.78,2023-02-03 09:00:00,0,0.021750881824736612,1
1020,Marketing,Travel,249.62,2023-02-03 10:00:00,0,0.15209208277888842,1
1073,Engineering,Software,236.07,2023-02-03 11:00:00,0,0.16198165560048644,1
1084,Finance,Meals,140.36,2023-02-03 12:00:00,0,0.12236794326683559,1
1077,Marketing,Supplies,293.53,2023-02-03 13:00:00,0,0.05790989792441792,1
1080,HR,Meals,202.36,2023-02-03 14:00:00,0,0.189718129347346,1
1007,Marketing,Other,209.07,2023-02-03 15:00:00,0,0.18163150530494088,1
1025,Marketing,Software,179.43,2023-02-03 16:00:00,0,0.16919497759067953,1
1008,HR,Software,232.98,2023-02-03 17:00:00,0,0.1696002482251106,1
1070,HR,Travel,1480.5500000000002,2023-02-03 18:00:00,1,-0.23174245421482031,-1
1066,Marketing,Software,221.31,2023-02-03 19:00:00,0,0.17909750075974412,1
1075,Marketing,Other,202.36,2023-02-03 20:00:00,0,0.189718129347346,1
1009,Finance,Other,273.88,2023-02-03 21:00:00,0,0.10939838499844695,1
1051,Engineering,Supplies,170.96,2023-02-03 22:00:00,0,0.16725248528191583,1
1089,Engineering,Travel,152.98,2023-02-03 23:00:00,0,0.13511385973301582,1
1073,Marketing,Other,255.58,2023-02-04 00:00:00,0,0.14271262700928145,1
1084,HR,Travel,208.92,2023-02-04 01:00:00,0,0.1839699059819519,1
1021,Finance,Meals,225.4,2023-02-04 02:00:00,0,0.17354951370921456,1
1018,Marketing,Meals,204.96,2023-02-04 03:00:00,0,0.18439514924292982,1
1026,Finance,Other,234.74,2023-02-04 04:00:00,0,0.1677919652509512,1
1096,Marketing,Other,201.82,2023-02-04 05:00:00,0,0.18888540460514286,1
1030,Engineering,Meals,166.21,2023-02-04 06:00:00,0,0.17213721864749604,1
1084,Marketing,Travel,117.62,2023-02-04 07:00:00,0,0.08701928876143905,1
1001,HR,Supplies,257.49,2023-02-04 08:00:00,0,0.13503146625694057,1
1050,Marketing,Meals,261.03,2023-02-04 09:00:00,0,0.1285156145059509,1
1017,Marketing,Other,120.39,2023-02-04 10:00:00,0,0.10266715189498288,1
1031,Marketing,Meals,220.57,2023-02-04 11:00:00,0,0.1799963353795121,1
1091,Engineering,Other,239.96,2023-02-04 12:00:00,0,0.15907115359323332,1
1012,Engineering,Software,287.96,2023-02-04 13:00:00,0,0.07894427740778953,1
1005,HR,Travel,167.82,2023-02-04 14:00:00,0,0.16822114618693712,1
1072,HR,Software,202.73,2023-02-04 15:00:00,0,0.1893844031307052,1
1066,HR,Supplies,268.04,2023-02-04 16:00:00,0,0.10946028018823328,1
1019,Marketing,Supplies,45.23,2023-02-04 17:00:00,0,-0.11826108573027616,-1
1094,HR,Supplies,184.21,2023-02-04 18:00:00,0,0.17643979660937276,1
1087,Marketing,Meals,266.25,2023-02-04 19:00:00,0,0.11791913888565575,1
1091,Engineering,Software,110.26,2023-02-04 20:00:00,0,0.06366735044794358,1
1068,Engineering,Supplies,219.39,2023-02-04 21:00:00,0,0.17992665758579285,1
1055,Engineering,Software,261.55,2023-02-04 22:00:00,0,0.12520993057470348,1
1052,Marketing,Other,252.86,2023-02-04 23:00:00,0,0.15315766498779687,1
1034,Engineering,Meals,153.07,2023-02-05 00:00:00,0,0.13511385973301582,1
1083,Finance,Travel,204.05,2023-02-05 01:00:00,0,0.18622679362236827,1
1070,Finance,Meals,230.02,2023-02-05 02:00:00,0,0.16664505146531888,1
1011,Marketing,Travel,139.79,2023-02-05 03:00:00,0,0.12282739807511933,1
1000,HR,Supplies,154.68,2023-02-05 04:00:00,0,0.14048212985660902,1
1014,Marketing,Supplies,196.89,2023-02-05 05:00:00,0,0.1882000547887579,1
1088,Finance,Travel,246.58,2023-02-05 06:00:00,0,0.15629409700118685,1
1018,Engineering,Software,166.56,2023-02-05 07:00:00,0,0.1699218164130723,1
1062,HR,Software,279.54,2023-02-05 08:00:00,0,0.09121905313996015,1
1088,Marketing,Other,152.95,2023-02-05 09:00:00,0,0.13450377926054602,1
1085,Marketing,Software,250.18,2023-02-05 10:00:00,0,0.1544197023024716,1
1049,Engineering,Other,177.88,2023-02-05 11:00:00,0,0.18198379747632715,1
1019,HR,Meals,171.27,2023-02-05 12:00:00,0,0.16878744218691505,1
1098,HR,Software,787.1500000000001,2023-02-05 13:00:00,1,-0.16902036853241176,-1
1071,HR,Software,148.46,2023-02-05 14:00:00,0,0.13203828773526521,1
1058,Engineering,Travel,215.44,2023-02-05 15:00:00,0,0.1915216652191286,1
1005,Engineering,Software,226.55,2023-02-05 16:00:00,0,0.1729521918278042,1
1012,HR,Supplies,169.41,2023-02-05 17:00:00,0,0.16697519708363845,1
1014,Finance,Other,225.52,2023-02-05 18:00:00,0,0.1730628971419696,1
1094,Engineering,Travel,158.43,2023-02-05 19:00:00,0,0.15451757342818773,1
1019,Marketing,Meals,107.53,2023-02-05 20:00:00,0,0.06113704833170763,1
1064,Engineering,Travel,181.82,2023-02-05 21:00:00,0,0.17940802736676537,1
1042,Finance,Travel,835.9000000000001,2023-02-05 22:00:00,1,-0.166980701984204,-1
1077,Marketing,Other,158.44,2023-02-05 23:00:00,0,0.15451757342818773,1
1046,Marketing,Meals,176.58,2023-02-06 00:00:00,0,0.18002780546734476,1
1067,HR,Travel,169.25,2023-02-06 01:00:00,0,0.165239856384993,1
1092,HR,Travel,119.42,2023-02-06 02:00:00,0,0.09811147743530779,1
1065,Finance,Meals,188.1,2023-02-06 03:00:00,0,0.1832330597830108,1
1084,Engineering,Software,327.73,2023-02-06 04:00:00,0,-0.03932690536372441,-1
1061,HR,Supplies,192.61,2023-02-06 05:00:00,0,0.17503141310879006,1
1024,HR,Travel,120.67,2023-02-06 06:00:00,0,0.10299382826536413,1
1063,Marketing,Supplies,225.19,2023-02-06 07:00:00,0,0.17490849212411969,1
1057,HR,Travel,216.72,2023-02-06 08:00:00,0,0.1878127048539922,1
1096,Marketing,Travel,219.81,2023-02-06 09:00:00,0,0.1784437904186678,1
1012,HR,Supplies,158.5,2023-02-06 10:00:00,0,0.15519584414601612,1
1089,Marketing,Software,198.74,2023-02-06 11:00:00,0,0.19028386952125592,1
1061,Finance,Other,300.13,2023-02-06 12:00:00,0,0.04039643711422469,1
1046,Marketing,Supplies,241.46,2023-02-06 13:00:00,0,0.15403172055070613,1
1072,Engineering,Travel,226.93,2023-02-06 14:00:00,0,0.17371253460443897,1
1086,Finance,Other,263.49,2023-02-06 15:00:00,0,0.11593329462961188,1
1003,Finance,Meals,214.76,2023-02-06 16:00:00,0,0.19000212936220262,1
1004,Finance,Meals,223.53,2023-02-06 17:00:00,0,0.18105986511642025,1
1064,Marketing,Other,165.91,2023-02-06 18:00:00,0,0.17269640901912042,1
1009,Finance,Meals,140.05,2023-02-06 19:00:00,0,0.12381646833733062,1
1011,HR,Software,129.87,2023-02-06 20:00:00,0,0.10520249439302765,1
1042,Finance,Other,209.46,2023-02-06 21:00:00,0,0.1817760272196169,1
1081,HR,Other,130.94,2023-02-06 22:00:00,0,0.10667143393327722,1
1098,Marketing,Other,182.98,2023-02-06 23:00:00,0,0.17601012712417374,1
1081,HR,Meals,233.46,2023-02-07 00:00:00,0,0.1728207725889394,1
1047,HR,Software,144.97,2023-02-07 01:00:00,0,0.13611179611865704,1
1014,HR,Supplies,171.15,2023-02-07 02:00:00,0,0.16906939760423456,1
1007,Finance,Supplies,215.39,2023-02-07 03:00:00,0,0.19098164670982304,1
1007,Engineering,Other,197.34,2023-02-07 04:00:00,0,0.19140677572872805,1
1078,Finance,Meals,211.42,2023-02-07 05:00:00,0,0.18263729821139751,1
1073,Marketing,Supplies,251.48,2023-02-07 06:00:00,0,0.15533575494631824,1
1000,Engineering,Software,100.26,2023-02-07 07:00:00,0,0.027279922627203024,1
1078,HR,Travel,129.22,2023-02-07 08:00:00,0,0.10713915993368178,1
1002,Finance,Travel,119.37,2023-02-07 09:00:00,0,0.09811147743530779,1
1032,Marketing,Supplies,253.12,2023-02-07 10:00:00,0,0.15164997870944003,1
1021,HR,Other,257.52,2023-02-07 11:00:00,0,0.13503146625694057,1
1089,Marketing,Other,139.53,2023-02-07 12:00:00,0,0.12387277908253896,1
1091,Engineering,Other,292.79,2023-02-07 13:00:00,0,0.06156177536652996,1
1083,Finance,Meals,229.31,2023-02-07 14:00:00,0,0.1710872075324827,1
1058,Marketing,Meals,223.74,2023-02-07 15:00:00,0,0.18102439723155905,1
1075,HR,Other,195.69,2023-02-07 16:00:00,0,0.1846180697861381,1
1022,Finance,Software,270.97,2023-02-07 17:00:00,0,0.11537821567596634,1
1044,Engineering,Software,230.11,2023-02-07 18:00:00,0,0.16738840831821455,1
1030,Finance,Meals,210.94,2023-02-07 19:00:00,0,0.18266561147425192,1
1020,Marketing,Travel,168.58,2023-02-07 20:00:00,0,0.16684903050595778,1
1006,Marketing,Meals,106.45,2023-02-07 21:00:00,0,0.05776380715737095,1
1083,Engineering,Travel,128.03,2023-02-07 22:00:00,0,0.10406751028725109,1
1098,HR,Software,212.86,2023-02-07 23:00:00,0,0.18895541726936005,1
1006,Engineering,Supplies,203.16,2023-02-08 00:00:00,0,0.18740202692201918,1
1069,Marketing,Travel,187.26,2023-02-08 01:00:00,0,0.18179483962404996,1
1015,Engineering,Other,130.45,2023-02-08 02:00:00,0,0.10646106105961456,1
1058,HR,Travel,166.25,2023-02-08 03:00:00,0,0.1715073273640486,1
1039,Marketing,Meals,241.93,2023-02-08 04:00:00,0,0.15326368389696066,1
1037,Finance,Supplies,233.28,2023-02-08 05:00:00,0,0.17047044707713477,1
1077,HR,Supplies,69.71,2023-02-08 06:00:00,0,-0.08843774294179452,-1
1085,HR,Travel,245.26,2023-02-08 07:00:00,0,0.16275646535608107,1
1038,Finance,Other,240.04,2023-02-08 08:00:00,0,0.1587824312118818,1
1010,Engineering,Travel,117.33,2023-02-08 09:00:00,0,0.08632376544807813,1
1090,Marketing,Software,175.94,2023-02-08 10:00:00,0,0.1792501260531853,1
1099,Engineering,Meals,204.39,2023-02-08 11:00:00,0,0.186329069726881,1
1066,Engineering,Supplies,211.28,2023-02-08 12:00:00,0,0.18263729821139751,1
1056,Marketing,Travel,234.79,2023-02-08 13:00:00,0,0.1677919652509512,1
1046,Engineering,Supplies,237.03,2023-02-08 14:00:00,0,0.16303073031237963,1
1035,Marketing,Software,237.12,2023-02-08 15:00:00,0,0.16274468783294,1
1074,HR,Supplies,228.41,2023-02-08 16:00:00,0,0.17049437951825713,1
1092,Engineering,Supplies,212.28,2023-02-08 17:00:00,0,0.18796610468794828,1
1030,HR,Supplies,242.49,2023-02-08 18:00:00,0,0.15707726074885853,1
1063,Engineering,Travel,212.08,2023-02-08 19:00:00,0,0.18645813464473648,1
1036,Finance,Software,227.24,2023-02-08 20:00:00,0,0.17185521549893612,1
1012,Engineering,Supplies,177.93,2023-02-08 21:00:00,0,0.1825046617591622,1
1020,Engineering,Meals,346.32,2023-02-08 22:00:00,0,-0.08016800892369713,-1
1019,Engineering,Meals,284.32,2023-02-08 23:00:00,0,0.078944992588306,1
1085,HR,Meals,242.9,2023-02-09 00:00:00,0,0.159685918595168,1
1024,Finance,Software,126.05,2023-02-09 01:00:00,0,0.10277426103133014,1
1057,HR,Other,278.93,2023-02-09 02:00:00,0,0.09040226256118761,1
1022,Finance,Supplies,148.74,2023-02-09 03:00:00,0,0.1309500494069057,1
1059,Engineering,Other,71.63,2023-02-09 04:00:00,0,-0.08108616187520723,-1
1056,Engineering,Travel,208.77,2023-02-09 05:00:00,0,0.18683112235375265,1
1057,Engineering,Other,273.88,2023-02-09 06:00:00,0,0.10939838499844695,1
1011,Engineering,Supplies,195.99,2023-02-09 07:00:00,0,0.18429032206165963,1
1007,Finance,Meals,238.66,2023-02-09 08:00:00,0,0.1585124523378405,1
1097,Marketing,Supplies,255.84,2023-02-09 09:00:00,0,0.14112776785128106,1
1063,Marketing,Supplies,172.65,2023-02-09 10:00:00,0,0.17182040318966446,1
1090,Marketing,Software,229.18,2023-02-09 11:00:00,0,0.17006974131998814,1
1016,Engineering,Travel,247.84,2023-02-09 12:00:00,0,0.1476558004845263,1
1054,Finance,Supplies,120.07,2023-02-09 13:00:00,0,0.0991761394541445,1
1090,HR,Meals,256.29,2023-02-09 14:00:00,0,0.13954200382776266,1
1091,HR,Supplies,124.19,2023-02-09 15:00:00,0,0.0979315724126788,1
1037,Finance,Meals,145.23,2023-02-09 16:00:00,0,0.13611179611865704,1
1064,HR,Supplies,70.2,2023-02-09 17:00:00,0,-0.0875261881227769,-1
1096,HR,Other,162.51,2023-02-09 18:00:00,0,0.16339993683435067,1
1045,Marketing,Software,122.62,2023-02-09 19:00:00,0,0.10480637286758193,1
1023,Marketing,Supplies,878.1,2023-02-09 20:00:00,1,-0.15837343907238288,-1
1003,HR,Meals,226.05,2023-02-09 21:00:00,0,0.17134459361133447,1
1016,Engineering,Supplies,1310.1,2023-02-09 22:00:00,1,-0.2207560770128313,-1
1042,Finance,Travel,114.71,2023-02-09 23:00:00,0,0.0837468666947101,1
1083,Marketing,Supplies,182.97,2023-02-10 00:00:00,0,0.176298896747074,1
1045,HR,Meals,292.95,2023-02-10 01:00:00,0,0.05931341632564324,1
1054,Finance,Other,184.03,2023-02-10 02:00:00,0,0.17752144855774438,1
1046,Marketing,Supplies,147.08,2023-02-10 03:00:00,0,0.13052819553567857,1
1001,Engineering,Software,170.16,2023-02-10 04:00:00,0,0.16935357031120657,1
1060,Finance,Software,208.8,2023-02-10 05:00:00,0,0.1857661396333793,1
1035,Finance,Other,207.14,2023-02-10 06:00:00,0,0.18241567924639662,1
1083,Engineering,Travel,181.46,2023-02-10 07:00:00,0,0.17991419013155785,1
1008,Finance,Other,240.33,2023-02-10 08:00:00,0,0.16177932701271963,1
1089,HR,Travel,329.09,2023-02-10 09:00:00,0,-0.04399569687887184,-1
1049,Finance,Supplies,219.55,2023-02-10 10:00:00,0,0.17888419612321804,1
1012,Marketing,Meals,213.54,2023-02-10 11:00:00,0,0.18712180421215868,1
1077,Engineering,Meals,132.76,2023-02-10 12:00:00,0,0.1080964877395722,1
1044,HR,Other,147.5,2023-02-10 13:00:00,0,0.12942868320898998,1
1074,Marketing,Other,201.01,2023-02-10 14:00:00,0,0.18764144789827458,1
1008,Marketing,Software,950.5,2023-02-10 15:00:00,1,-0.1538565747670546,-1
1088,Finance,Supplies,284.18,2023-02-10 16:00:00,0,0.07853900436366867,1
1001,Marketing,Software,162.6,2023-02-10 17:00:00,0,0.16480455072062056,1
1064,Finance,Supplies,270.66,2023-02-10 18:00:00,0,0.11431151719282107,1
1001,HR,Supplies,163.27,2023-02-10 19:00:00,0,0.16492838085110934,1
1035,Engineering,Supplies,179.75,2023-02-10 20:00:00,0,0.1698688236976615,1
1046,HR,Meals,189.79,2023-02-10 21:00:00,0,0.18293523278550333,1
1023,Marketing,Meals,162.72,2023-02-10 22:00:00,0,0.164151019836407,1
1018,Marketing,Meals,189.41,2023-02-10 23:00:00,0,0.1793928166053798,1
1076,Finance,Supplies,189.69,2023-02-11 00:00:00,0,0.18244912210220599,1
1032,Engineering,Supplies,183.09,2023-02-11 01:00:00,0,0.17583489675242037,1
1069,Marketing,Travel,252.75,2023-02-11 02:00:00,0,0.15456655656886686,1
1099,Engineering,Meals,257.33,2023-02-11 03:00:00,0,0.1351232446833402,1
1087,Finance,Travel,156.74,2023-02-11 04:00:00,0,0.14717506382255807,1
1083,HR,Travel,1118.75,2023-02-11 05:00:00,1,-0.18449509568214428,-1
1070,HR,Software,162.48,2023-02-11 06:00:00,0,0.1625352039748545,1
1001,Finance,Travel,240.49,2023-02-11 07:00:00,0,0.1594283627204231,1
1014,Finance,Software,1130.8,2023-02-11 08:00:00,1,-0.1860599140733834,-1
1065,Marketing,Meals,226.33,2023-02-11 09:00:00,0,0.17301009855499716,1
1078,Finance,Other,235.98,2023-02-11 10:00:00,0,0.16222571713890183,1
1018,Marketing,Travel,183.4,2023-02-11 11:00:00,0,0.17875549238257032,1
1009,HR,Other,1281.2,2023-02-11 12:00:00,1,-0.2164029836072917,-1
1092,HR,Other,218.9,2023-02-11 13:00:00,0,0.17894077589658103,1
1082,Marketing,Travel,151.82,2023-02-11 14:00:00,0,0.13486187016799545,1
1092,HR,Travel,201.09,2023-02-11 15:00:00,0,0.18676726989254766,1
1039,Finance,Other,184.73,2023-02-11 16:00:00,0,0.172499483309558,1
1039,HR,Travel,236.51,2023-02-11 17:00:00,0,0.16280951727588355,1
1013,Marketing,Other,121.76,2023-02-11 18:00:00,0,0.10447108099578456,1
1022,HR,Travel,151.02,2023-02-11 19:00:00,0,0.13111514778372063,1
1062,HR,Meals,243.0,2023-02-11 20:00:00,0,0.15939761229614569,1
1073,HR,Travel,201.42,2023-02-11 21:00:00,0,0.18756008457737716,1
1018,Marketing,Travel,165.83,2023-02-11 22:00:00,0,0.17184461902954662,1
1006,Marketing,Supplies,171.42,2023-02-11 23:00:00,0,0.16794043042787815,1
1034,Marketing,Other,113.42,2023-02-12 00:00:00,0,0.0707478278112057,1
1047,Marketing,Supplies,248.49,2023-02-12 01:00:00,0,0.1526542493866213,1
1056,HR,Other,129.6,2023-02-12 02:00:00,0,0.10557579537405531,1
1061,HR,Supplies,234.7,2023-02-12 03:00:00,0,0.16898906134802066,1
1047,Marketing,Other,213.19,2023-02-12 04:00:00,0,0.18808332275900314,1
1011,Engineering,Travel,217.15,2023-02-12 05:00:00,0,0.1834548712889263,1
1018,Engineering,Supplies,273.62,2023-02-12 06:00:00,0,0.11007100820632043,1
1027,Finance,Supplies,193.71,2023-02-12 07:00:00,0,0.180123065410357,1
1021,Engineering,Other,293.59,2023-02-12 08:00:00,0,0.058266846198403166,1
1089,Finance,Supplies,183.04,2023-02-12 09:00:00,0,0.17581210133714797,1
1091,Marketing,Other,149.88,2023-02-12 10:00:00,0,0.1308989708843586,1
1046,HR,Supplies,180.59,2023-02-12 11:00:00,0,0.17212478257221642,1
1096,Engineering,Travel,1131.2,2023-02-12 12:00:00,1,-0.1860599140733834,-1
1074,Finance,Supplies,171.85,2023-02-12 13:00:00,0,0.16919278237342184,1
1022,Marketing,Supplies,207.06,2023-02-12 14:00:00,0,0.18241567924639662,1
1049,Finance,Supplies,218.36,2023-02-12 15:00:00,0,0.17591321564575219,1
1046,Marketing,Supplies,248.29,2023-02-12 16:00:00,0,0.15236118394663706,1
1092,HR,Meals,207.25,2023-02-12 17:00:00,0,0.18151815346253924,1
1058,Marketing,Meals,184.75,2023-02-12 18:00:00,0,0.172499483309558,1
1038,HR,Software,199.55,2023-02-12 19:00:00,0,0.1935646985307774,1
1078,HR,Software,241.96,2023-02-12 20:00:00,0,0.15326368389696066,1
1025,Engineering,Other,104.73,2023-02-12 21:00:00,0,0.04884425592556385,1
1088,HR,Travel,250.21,2023-02-12 22:00:00,0,0.15362925731943056,1
1018,Engineering,Travel,255.98,2023-02-12 23:00:00,0,0.14149410271692242,1
1064,Engineering,Other,200.57,2023-02-13 00:00:00,0,0.1912725555975841,1
1009,HR,Travel,155.06,2023-02-13 01:00:00,0,0.13971647627783723,1
1016,Engineering,Supplies,177.64,2023-02-13 02:00:00,0,0.18132051575163477,1
1098,Finance,Supplies,73.77,2023-02-13 03:00:00,0,-0.07268438899052909,-1
1008,HR,Software,206.88,2023-02-13 04:00:00,0,0.18274495775090172,1
1025,Engineering,Supplies,264.88,2023-02-13 05:00:00,0,0.11906824304343216,1
1028,Finance,Travel,202.46,2023-02-13 06:00:00,0,0.189718129347346,1
1069,Finance,Supplies,158.42,2023-02-13 07:00:00,0,0.15451757342818773,1
1075,HR,Other,245.99,2023-02-13 08:00:00,0,0.15693487389514627,1
1046,Finance,Other,207.47,2023-02-13 09:00:00,0,0.18319570838850224,1
1028,HR,Other,130.12,2023-02-13 10:00:00,0,0.10569667521561571,1
1066,Engineering,Software,177.69,2023-02-13 11:00:00,0,0.18168040769595284,1
1079,HR,Meals,190.75,2023-02-13 12:00:00,0,0.17903357614361087,1
1031,HR,Other,142.38,2023-02-13 13:00:00,0,0.12462609507011069,1
1011,Marketing,Supplies,208.99,2023-02-13 14:00:00,0,0.18241028441726842,1
1054,HR,Meals,293.57,2023-02-13 15:00:00,0,0.058266846198403166,1
1056,Finance,Other,131.36,2023-02-13 16:00:00,0,0.10770739992432277,1
1004,Marketing,Other,194.06,2023-02-13 17:00:00,0,0.18121983483906906,1
1000,HR,Meals,233.61,2023-02-13 18:00:00,0,0.17333765681859536,1
1026,HR,Meals,197.19,2023-02-13 19:00:00,0,0.19025159823409077,1
1072,Engineering,Other,200.09,2023-02-13 20:00:00,0,0.19163674199890868,1
1096,Finance,Travel,241.65,2023-02-13 21:00:00,0,0.15379442585825692,1
1025,HR,Supplies,299.84,2023-02-13 22:00:00,0,0.04179380628053553,1
1039,HR,Software,252.8,2023-02-13 23:00:00,0,0.15368373414727432,1
1092,HR,Meals,175.52,2023-02-14 00:00:00,0,0.179281788602357,1
1041,Engineering,Meals,165.0,2023-02-14 01:00:00,0,0.17016343754789953,1
1086,Engineering,Travel,56.94,2023-02-14 02:00:00,0,-0.113514521963479,-1
1041,HR,Supplies,164.72,2023-02-14 03:00:00,0,0.16986388225694732,1
1048,Engineering,Supplies,1367.45,2023-02-14 04:00:00,1,-0.2256815537219362,-1
1092,Finance,Other,182.69,2023-02-14 05:00:00,0,0.17729362518729158,1
1066,HR,Meals,186.11,2023-02-14 06:00:00,0,0.18087181935612268,1
1068,Finance,Travel,193.34,2023-02-14 07:00:00,0,0.18006585645440315,1
1041,Engineering,Supplies,199.22,2023-02-14 08:00:00,0,0.19271017370958954,1
1093,HR,Meals,148.26,2023-02-14 09:00:00,0,0.12872650891817922,1
1060,Finance,Travel,198.11,2023-02-14 10:00:00,0,0.19217053199085987,1
1099,HR,Supplies,241.81,2023-02-14 11:00:00,0,0.15276411106960014,1
1065,HR,Supplies,128.67,2023-02-14 12:00:00,0,0.10642194093862234,1
1063,Engineering,Meals,148.99,2023-02-14 13:00:00,0,0.1297825961598525,1
1097,HR,Supplies,209.41,2023-02-14 14:00:00,0,0.1817760272196169,1
1049,Engineering,Supplies,288.23,2023-02-14 15:00:00,0,0.07825813834527517,1
1000,Marketing,Other,223.44,2023-02-14 16:00:00,0,0.18196960409648605,1
1038,Finance,Meals,286.14,2023-02-14 17:00:00,0,0.08131379548922113,1
1025,Engineering,Supplies,281.38,2023-02-14 18:00:00,0,0.08530050086382424,1
1038,Engineering,Software,170.43,2023-02-14 19:00:00,0,0.16813625098059287,1
1004,HR,Meals,196.7,2023-02-14 20:00:00,0,0.18758294754461086,1
1070,Engineering,Meals,96.39,2023-02-14 21:00:00,0,0.022513433248961046,1
1006,Marketing,Meals,160.48,2023-02-14 22:00:00,0,0.15448401010537904,1
1068,Finance,Supplies,183.99,2023-02-14 23:00:00,0,0.17752144855774438,1
1001,Marketing,Travel,155.62,2023-02-15 00:00:00,0,0.14522102842512508,1
1003,Marketing,Other,319.27,2023-02-15 01:00:00,0,-0.01696050814630845,-1
1021,Finance,Other,225.62,2023-02-15 02:00:00,0,0.1730628971419696,1
1035,Engineering,Supplies,266.2,2023-02-15 03:00:00,0,0.11791913888565575,1
1012,Marketing,Travel,271.57,2023-02-15 04:00:00,0,0.11225673212372955,1
1048,Finance,Meals,224.84,2023-02-15 05:00:00,0,0.17462161075038957,1
1097,Marketing,Other,182.86,2023-02-15 06:00:00,0,0.1774274571339584,1
1027,HR,Software,183.87,2023-02-15 07:00:00,0,0.17752144855774438,1
1091,HR,Supplies,243.67,2023-02-15 08:00:00,0,0.1606633764660781,1
1003,Engineering,Software,208.15,2023-02-15 09:00:00,0,0.18721984493707672,1
1082,Marketing,Supplies,186.91,2023-02-15 10:00:00,0,0.18136938356119664,1
1020,Marketing,Other,186.9,2023-02-15 11:00:00,0,0.18136938356119664,1
1053,HR,Meals,199.22,2023-02-15 12:00:00,0,0.19271017370958954,1
1027,Marketing,Meals,240.94,2023-02-15 13:00:00,0,0.1565452185853946,1
1079,HR,Travel,272.63,2023-02-15 14:00:00,0,0.1125987964941787,1
1081,Finance,Other,229.84,2023-02-15 15:00:00,0,0.16673775150033981,1
1017,Engineering,Meals,195.13,2023-02-15 16:00:00,0,0.18164323311492203,1
1087,HR,Travel,153.39,2023-02-15 17:00:00,0,0.13622495582449745,1
1082,Finance,Other,184.06,2023-02-15 18:00:00,0,0.17752144855774438,1
1013,HR,Meals,215.5,2023-02-15 19:00:00,0,0.1917882441745991,1
1052,Marketing,Other,198.82,2023-02-15 20:00:00,0,0.19028386952125592,1
1018,Engineering,Supplies,221.57,2023-02-15 21:00:00,0,0.1798240807930151,1
1027,Engineering,Software,272.14,2023-02-15 22:00:00,0,0.11134652911084214,1
1081,Engineering,Software,153.27,2023-02-15 23:00:00,0,0.13444046899254342,1
1092,HR,Supplies,179.13,2023-02-16 00:00:00,0,0.17264975994783727,1
1004,HR,Supplies,269.47,2023-02-16 01:00:00,0,0.1108683799011802,1
1093,Finance,Meals,178.88,2023-02-16 02:00:00,0,0.17836839860321096,1
1097,Finance,Meals,103.97,2023-02-16 03:00:00,0,0.04930161408977152,1
1028,Marketing,Travel,134.71,2023-02-16 04:00:00,0,0.11095390124722676,1
1088,Finance,Supplies,193.68,2023-02-16 05:00:00,0,0.17961468730197394,1
1084,Marketing,Other,268.13,2023-02-16 06:00:00,0,0.10939345559915986,1
1078,Marketing,Meals,242.35,2023-02-16 07:00:00,0,0.15428896608066045,1
1051,Marketing,Meals,215.05,2023-02-16 08:00:00,0,0.19012423225048553,1
1042,Finance,Meals,179.65,2023-02-16 09:00:00,0,0.17020834760769932,1
1014,Marketing,Supplies,222.58,2023-02-16 10:00:00,0,0.17930895344545839,1
1007,HR,Other,224.54,2023-02-16 11:00:00,0,0.17772412863350395,1
1085,Engineering,Meals,150.71,2023-02-16 12:00:00,0,0.13224850117056358,1
1050,Marketing,Travel,183.38,2023-02-16 13:00:00,0,0.17875549238257032,1
1064,Engineering,Other,188.34,2023-02-16 14:00:00,0,0.1812749505767388,1
1014,Finance,Supplies,292.31,2023-02-16 15:00:00,0,0.0632116083915435,1
1025,Engineering,Other,118.8,2023-02-16 16:00:00,0,0.0928613588291281,1
1058,HR,Supplies,261.35,2023-02-16 17:00:00,0,0.1241722807372257,1
1079,HR,Other,166.19,2023-02-16 18:00:00,0,0.17213721864749604,1
1059,Finance,Other,110.2,2023-02-16 19:00:00,0,0.06366735044794358,1
1057,Engineering,Other,149.15,2023-02-16 20:00:00,0,0.12991732521559834,1
1091,HR,Meals,92.43,2023-02-16 21:00:00,0,0.009372634638781463,1
1004,Marketing,Supplies,240.74,2023-02-16 22:00:00,0,0.157753694090847,1
1081,HR,Travel,227.71,2023-02-16 23:00:00,0,0.17251608018122938,1
1085,HR,Meals,180.7,2023-02-17 00:00:00,0,0.1716644734523522,1
1081,Engineering,Supplies,169.39,2023-02-17 01:00:00,0,0.16697519708363845,1
1055,Engineering,Meals,243.3,2023-02-17 02:00:00,0,0.16075015592239866,1
1096,Marketing,Supplies,181.32,2023-02-17 03:00:00,0,0.17771401567208517,1
1085,Engineering,Travel,196.16,2023-02-17 04:00:00,0,0.18678001614051531,1
1022,Engineering,Meals,256.06,2023-02-17 05:00:00,0,0.14149410271692242,1
1081,HR,Software,222.43,2023-02-17 06:00:00,0,0.17907473842440613,1
1037,Marketing,Other,142.29,2023-02-17 07:00:00,0,0.12462609507011069,1
1050,Finance,Supplies,990.5,2023-02-17 08:00:00,1,-0.16749010123409946,-1
1052,HR,Software,223.7,2023-02-17 09:00:00,0,0.18174397780599638,1
1003,HR,Other,227.4,2023-02-17 10:00:00,0,0.1727859650394018,1
1005,Engineering,Other,159.98,2023-02-17 11:00:00,0,0.15721681387348585,1
1009,Marketing,Meals,251.03,2023-02-17 12:00:00,0,0.15169339445793778,1
1051,Engineering,Software,92.92,2023-02-17 13:00:00,0,0.010552956350114329,1
1095,Marketing,Other,205.84,2023-02-17 14:00:00,0,0.18377791197186272,1
1005,Finance,Travel,205.68,2023-02-17 15:00:00,0,0.18343894710654912,1
1059,HR,Other,226.21,2023-02-17 16:00:00,0,0.1730309832504564,1
1072,Engineering,Travel,246.06,2023-02-17 17:00:00,0,0.15722484588571284,1
1003,Engineering,Other,193.3,2023-02-17 18:00:00,0,0.18016345622088675,1
1020,Engineering,Supplies,200.35,2023-02-17 19:00:00,0,0.19001936660815283,1
1036,HR,Software,180.52,2023-02-17 20:00:00,0,0.1718940203196609,1
1015,HR,Supplies,183.17,2023-02-17 21:00:00,0,0.17549997107723864,1
1097,Engineering,Other,173.68,2023-02-17 22:00:00,0,0.1743001791424587,1
1071,Engineering,Software,275.76,2023-02-17 23:00:00,0,0.09735421082091916,1
1045,HR,Software,217.08,2023-02-18 00:00:00,0,0.18297050870468612,1
1011,Finance,Meals,145.58,2023-02-18 01:00:00,0,0.13359604284618448,1
1074,HR,Meals,117.49,2023-02-18 02:00:00,0,0.08698930905053076,1
1049,Engineering,Travel,254.62,2023-02-18 03:00:00,0,0.1466581958338331,1
1082,Finance,Other,138.89,2023-02-18 04:00:00,0,0.12389299719019709,1
1022,Marketing,Supplies,114.91,2023-02-18 05:00:00,0,0.08345757114151742,1
1034,HR,Other,315.19,2023-02-18 06:00:00,0,-0.005893062201713817,-1
1032,Engineering,Software,147.22,2023-02-18 07:00:00,0,0.12905583257071535,1
1056,Engineering,Other,236.07,2023-02-18 08:00:00,0,0.16198165560048644,1
1004,HR,Travel,204.44,2023-02-18 09:00:00,0,0.18687545410993722,1
1088,HR,Software,152.18,2023-02-18 10:00:00,0,0.1367848803800697,1
1011,Engineering,Supplies,251.18,2023-02-18 11:00:00,0,0.15198691156233918,1
1066,HR,Other,156.92,2023-02-18 12:00:00,0,0.14782944974968665,1
1061,Marketing,Supplies,228.79,2023-02-18 13:00:00,0,0.17145081515374694,1
1079,Engineering,Supplies,142.93,2023-02-18 14:00:00,0,0.12748158826126033,1
1047,HR,Meals,235.6,2023-02-18 15:00:00,0,0.1628223672621329,1
1025,HR,Travel,171.71,2023-02-18 16:00:00,0,0.16919278237342184,1
1025,Engineering,Supplies,186.13,2023-02-18 17:00:00,0,0.18087181935612268,1
1065,HR,Meals,221.93,2023-02-18 18:00:00,0,0.18177170290705608,1
1010,HR,Travel,147.71,2023-02-18 19:00:00,0,0.1284375489928397,1
1066,Marketing,Supplies,215.91,2023-02-18 20:00:00,0,0.18769007119889108,1
1029,Engineering,Meals,146.46,2023-02-18 21:00:00,0,0.13284667257704158,1
1037,Engineering,Travel,154.05,2023-02-18 22:00:00,0,0.13733675203660706,1
1037,HR,Other,176.39,2023-02-18 23:00:00,0,0.1811808643938962,1
1023,Finance,Supplies,235.38,2023-02-19 00:00:00,0,0.16344698423716986,1
1004,Marketing,Meals,202.52,2023-02-19 01:00:00,0,0.19033279320875468,1
1039,Marketing,Meals,188.84,2023-02-19 02:00:00,0,0.18134114470830148,1
1027,HR,Software,197.78,2023-02-19 03:00:00,0,0.19266443728101934,1
1091,Finance,Meals,192.32,2023-02-19 04:00:00,0,0.17398797996353704,1
1075,Engineering,Supplies,320.29,2023-02-19 05:00:00,0,-0.01906121864171295,-1
1064,Engineering,Travel,198.27,2023-02-19 06:00:00,0,0.19239720314401754,1
1027,Finance,Travel,237.32,2023-02-19 07:00:00,0,0.16308308048491443,1
1047,Engineering,Meals,230.21,2023-02-19 08:00:00,0,0.16738840831821455,1
1071,HR,Software,253.48,2023-02-19 09:00:00,0,0.14682971425475821,1
1011,Engineering,Other,217.22,2023-02-19 10:00:00,0,0.1834548712889263,1
1065,Marketing,Travel,164.52,2023-02-19 11:00:00,0,0.17051875859907534,1
1038,Finance,Other,181.17,2023-02-19 12:00:00,0,0.17652582006096146,1
1002,Marketing,Software,190.91,2023-02-19 13:00:00,0,0.17821007987076776,1
1062,Marketing,Supplies,259.7,2023-02-19 14:00:00,0,0.1293001021638835,1
1062,Marketing,Other,243.37,2023-02-19 15:00:00,0,0.16152757250827793,1
1088,HR,Travel,155.44,2023-02-19 16:00:00,0,0.14228016793659543,1
1051,Engineering,Travel,139.46,2023-02-19 17:00:00,0,0.12386280480967948,1
1041,Engineering,Other,176.44,2023-02-19 18:00:00,0,0.18057632573372412,1
1057,Engineering,Software,236.88,2023-02-19 19:00:00,0,0.16219662989060052,1
1071,HR,Travel,177.14,2023-02-19 20:00:00,0,0.1800865698613624,1
1095,Finance,Supplies,233.21,2023-02-19 21:00:00,0,0.17047044707713477,1
1011,Marketing,Software,183.34,2023-02-19 22:00:00,0,0.17903070583455744,1
1028,Finance,Travel,271.68,2023-02-19 23:00:00,0,0.11247216741893423,1
1048,Engineering,Supplies,192.37,2023-02-20 00:00:00,0,0.17462522393497815,1
1070,Marketing,Other,195.16,2023-02-20 01:00:00,0,0.18242198962152895,1
1013,Engineering,Supplies,216.71,2023-02-20 02:00:00,0,0.1881865188492723,1
1009,Marketing,Meals,194.77,2023-02-20 03:00:00,0,0.1814283399852359,1
1066,Finance,Other,192.01,2023-02-20 04:00:00,0,0.17506779803425515,1
1009,HR,Software,175.6,2023-02-20 05:00:00,0,0.1772424826001307,1
1005,Marketing,Software,254.11,2023-02-20 06:00:00,0,0.14756745558863377,1
1031,HR,Meals,203.26,2023-02-20 07:00:00,0,0.18740202692201918,1
1021,HR,Other,158.2,2023-02-20 08:00:00,0,0.15368492641078846,1
1088,Engineering,Software,187.07,2023-02-20 09:00:00,0,0.18155565681156877,1
1070,Marketing,Travel,215.43,2023-02-20 10:00:00,0,0.1915216652191286,1
1005,Marketing,Other,204.5,2023-02-20 11:00:00,0,0.18687545410993722,1
1069,HR,Meals,1272.35,2023-02-20 12:00:00,1,-0.21586050176342897,-1
1070,Marketing,Other,189.27,2023-02-20 13:00:00,0,0.18024942105799685,1
1045,Marketing,Travel,218.67,2023-02-20 14:00:00,0,0.17776182030065435,1
1057,Marketing,Meals,258.27,2023-02-20 15:00:00,0,0.13367428770829703,1
1023,Marketing,Supplies,255.21,2023-02-20 16:00:00,0,0.14467558571207023,1
1070,HR,Meals,255.74,2023-02-20 17:00:00,0,0.14215735154437076,1
1057,Finance,Supplies,214.23,2023-02-20 18:00:00,0,0.18846399222801286,1
1041,Marketing,Travel,220.91,2023-02-20 19:00:00,0,0.18098889649464694,1
1066,HR,Other,178.02,2023-02-20 20:00:00,0,0.18223179953352692,1
1025,Finance,Other,212.68,2023-02-20 21:00:00,0,0.1881303683595042,1
1039,Marketing,Supplies,213.03,2023-02-20 22:00:00,0,0.18839216951315685,1
1045,Marketing,Other,182.02,2023-02-20 23:00:00,0,0.17842811180566542,1
1035,Engineering,Software,114.37,2023-02-21 00:00:00,0,0.0791116811834639,1
1013,HR,Travel,195.93,2023-02-21 01:00:00,0,0.18429032206165963,1
1094,HR,Travel,207.22,2023-02-21 02:00:00,0,0.18206465839465724,1
1081,HR,Meals,188.71,2023-02-21 03:00:00,0,0.18134114470830148,1
1073,Engineering,Other,269.5,2023-02-21 04:00:00,0,0.1111895093096365,1
1020,Marketing,Supplies,213.82,2023-02-21 05:00:00,0,0.18812861097722394,1
1055,Marketing,Supplies,191.61,2023-02-21 06:00:00,0,0.17764897080544823,1
1016,HR,Meals,101.55,2023-02-21 07:00:00,0,0.033377316004115754,1
1084,HR,Travel,221.03,2023-02-21 08:00:00,0,0.17961487261206627,1
1038,HR,Supplies,173.49,2023-02-21 09:00:00,0,0.17626549364790073,1
1060,Finance,Software,135.66,2023-02-21 10:00:00,0,0.11963032141659319,1
1097,Engineering,Meals,258.31,2023-02-21 11:00:00,0,0.13367428770829703,1
1028,Marketing,Meals,150.21,2023-02-21 12:00:00,0,0.13228941824789026,1
1089,Marketing,Other,211.74,2023-02-21 13:00:00,0,0.18428071302705057,1
1010,Marketing,Supplies,158.82,2023-02-21 14:00:00,0,0.1557809148066494,1
1060,HR,Other,118.53,2023-02-21 15:00:00,0,0.09192145833863802,1
1057,Engineering,Other,204.87,2023-02-21 16:00:00,0,0.18499460604792684,1
1032,Marketing,Travel,189.34,2023-02-21 17:00:00,0,0.18024942105799685,1
1099,Marketing,Supplies,289.02,2023-02-21 18:00:00,0,0.07301251550763244,1
1016,Engineering,Other,324.62,2023-02-21 19:00:00,0,-0.03009292043350742,-1
1058,HR,Software,192.79,2023-02-21 20:00:00,0,0.17553890222773605,1
1046,Marketing,Meals,252.71,2023-02-21 21:00:00,0,0.15456655656886686,1
1056,Finance,Software,202.17,2023-02-21 22:00:00,0,0.1887911131222728,1
1043,Engineering,Software,168.58,2023-02-21 23:00:00,0,0.16684903050595778,1
1077,HR,Software,259.73,2023-02-22 00:00:00,0,0.1293001021638835,1
1055,Marketing,Supplies,209.5,2023-02-22 01:00:00,0,0.18199255942789205,1
1086,Finance,Meals,194.56,2023-02-22 02:00:00,0,0.17932577030846264,1
1040,Finance,Supplies,132.07,2023-02-22 03:00:00,0,0.1083169861006944,1
1038,Finance,Other,233.13,2023-02-22 04:00:00,0,0.16998843138990744,1
1060,Marketing,Travel,200.8,2023-02-22 05:00:00,0,0.18872905940771822,1
1014,HR,Travel,158.1,2023-02-22 06:00:00,0,0.15397709652765262,1
1037,HR,Meals,241.39,2023-02-22 07:00:00,0,0.15475199971949427,1
1098,Marketing,Software,125.78,2023-02-22 08:00:00,0,0.10151422838459467,1
1060,Finance,Software,184.76,2023-02-22 09:00:00,0,0.172499483309558,1
1092,Finance,Other,205.75,2023-02-22 10:00:00,0,0.1840438525528132,1
1004,Finance,Supplies,258.41,2023-02-22 11:00:00,0,0.13333176700625304,1
1092,HR,Travel,223.86,2023-02-22 12:00:00,0,0.18166558416798645,1
1008,Finance,Supplies,207.07,2023-02-22 13:00:00,0,0.18241567924639662,1
1031,HR,Meals,133.41,2023-02-22 14:00:00,0,0.11720373098391368,1
1057,HR,Supplies,217.72,2023-02-22 15:00:00,0,0.17911615013569548,1
1056,Engineering,Meals,196.91,2023-02-22 16:00:00,0,0.1882000547887579,1
1007,HR,Other,202.04,2023-02-22 17:00:00,0,0.1893787280851067,1
1000,Finance,Meals,181.6,2023-02-22 18:00:00,0,0.1795997357260098,1
1012,HR,Other,247.66,2023-02-22 19:00:00,0,0.14971597340557224,1
1024,Finance,Supplies,258.78,2023-02-22 20:00:00,0,0.13250153244691543,1
1082,Engineering,Supplies,126.57,2023-02-22 21:00:00,0,0.10557750657741827,1
1091,Finance,Meals,117.21,2023-02-22 22:00:00,0,0.08666149579016658,1
1065,Engineering,Meals,226.89,2023-02-22 23:00:00,0,0.17343372173305477,1
1013,Marketing,Meals,229.76,2023-02-23 00:00:00,0,0.1664170791649876,1
1026,HR,Other,170.23,2023-02-23 01:00:00,0,0.16864901712911817,1
1037,HR,Other,158.69,2023-02-23 02:00:00,0,0.15365586956563476,1
1016,Finance,Supplies,175.46,2023-02-23 03:00:00,0,0.17900674508701642,1
1098,HR,Other,257.58,2023-02-23 04:00:00,0,0.13416118662033377,1
1040,Engineering,Software,250.45,2023-02-23 05:00:00,0,0.15411427706052588,1
1082,HR,Other,255.73,2023-02-23 06:00:00,0,0.14215735154437076,1
1003,HR,Software,176.33,2023-02-23 07:00:00,0,0.1811808643938962,1
1064,Finance,Software,181.47,2023-02-23 08:00:00,0,0.17991419013155785,1
1058,Marketing,Travel,95.02,2023-02-23 09:00:00,0,0.018423037587910418,1
1030,Engineering,Travel,128.42,2023-02-23 10:00:00,0,0.10537679588006538,1
1004,HR,Meals,324.82,2023-02-23 11:00:00,0,-0.03009292043350742,-1
1076,Finance,Software,183.29,2023-02-23 12:00:00,0,0.17903070583455744,1
1044,Finance,Meals,231.38,2023-02-23 13:00:00,0,0.1663197644504667,1
1049,HR,Software,290.01,2023-02-23 14:00:00,0,0.06584270875572373,1
1030,Engineering,Supplies,163.49,2023-02-23 15:00:00,0,0.1665698151118622,1
1031,Marketing,Supplies,229.69,2023-02-23 16:00:00,0,0.16604049483531053,1
1025,HR,Supplies,144.49,2023-02-23 17:00:00,0,0.13608215434397603,1
1015,Finance,Other,593.05,2023-02-23 18:00:00,1,-0.161623402311182,-1
1014,Marketing,Travel,220.25,2023-02-23 19:00:00,0,0.1790640967921247,1
1064,HR,Meals,249.11,2023-02-23 20:00:00,0,0.1526566216076724,1
1013,Finance,Meals,215.71,2023-02-23 21:00:00,0,0.1901087403638867,1
1013,Marketing,Software,122.04,2023-02-23 22:00:00,0,0.10567681494070802,1
1041,Marketing,Other,236.76,2023-02-23 23:00:00,0,0.16045565137447126,1
1025,Marketing,Meals,169.01,2023-02-24 00:00:00,0,0.16390929303927126,1
1010,Finance,Supplies,66.83,2023-02-24 01:00:00,0,-0.10219854195718936,-1
1074,Engineering,Travel,253.08,2023-02-24 02:00:00,0,0.15164997870944003,1
1083,Engineering,Supplies,196.1,2023-02-24 03:00:00,0,0.18515111025231612,1
1068,Marketing,Software,134.09,2023-02-24 04:00:00,0,0.11863871811571775,1
1076,Marketing,Meals,251.3,2023-02-24 05:00:00,0,0.15357642489868661,1
1022,Engineering,Travel,182.61,2023-02-24 06:00:00,0,0.1778647852451436,1
1045,Finance,Software,267.61,2023-02-24 07:00:00,0,0.10780516054493611,1
1027,Finance,Software,198.51,2023-02-24 08:00:00,0,0.19022733058681496,1
1004,Finance,Travel,173.8,2023-02-24 09:00:00,0,0.1743001791424587,1
1054,Finance,Software,197.52,2023-02-24 10:00:00,0,0.19374253927563823,1
1079,Marketing,Travel,299.37,2023-02-24 11:00:00,0,0.04179380628053553,1
1017,Marketing,Meals,102.53,2023-02-24 12:00:00,0,0.039833168619785364,1
1024,HR,Software,187.72,2023-02-24 13:00:00,0,0.18348378615738375,1
1066,Engineering,Supplies,198.34,2023-02-24 14:00:00,0,0.19213103634126483,1
1064,Marketing,Supplies,158.72,2023-02-24 15:00:00,0,0.1543704053021926,1
1039,Finance,Other,239.36,2023-02-24 16:00:00,0,0.16008656493172052,1
1004,HR,Other,156.48,2023-02-24 17:00:00,0,0.1482573288248235,1
1055,Engineering,Travel,162.34,2023-02-24 18:00:00,0,0.16200477789687917,1
1070,Engineering,Travel,144.45,2023-02-24 19:00:00,0,0.1352034745995665,1
1044,Finance,Other,287.69,2023-02-24 20:00:00,0,0.07860132393460295,1
1015,HR,Travel,202.62,2023-02-24 21:00:00,0,0.1893844031307052,1
1082,Engineering,Software,185.25,2023-02-24 22:00:00,0,0.17189330516708606,1
1029,Marketing,Supplies,140.66,2023-02-24 23:00:00,0,0.12649906485432155,1
1042,HR,Software,107.16,2023-02-25 00:00:00,0,0.060426403720842514,1
1033,Engineering,Supplies,218.32,2023-02-25 01:00:00,0,0.17724660436452283,1
1045,Engineering,Supplies,124.14,2023-02-25 02:00:00,0,0.10040775820214126,1
1037,HR,Other,222.1,2023-02-25 03:00:00,0,0.18225468616127133,1
1041,Engineering,Supplies,154.31,2023-02-25 04:00:00,0,0.14169920784384554,1
1094,Engineering,Meals,168.07,2023-02-25 05:00:00,0,0.16905533039231685,1
1085,Engineering,Software,258.61,2023-02-25 06:00:00,0,0.13307848475411121,1
1092,Engineering,Meals,179.5,2023-02-25 07:00:00,0,0.17024998014295123,1
1091,Finance,Meals,176.93,2023-02-25 08:00:00,0,0.1805932597422824,1
1063,Engineering,Travel,226.02,2023-02-25 09:00:00,0,0.1705027775244728,1
1038,Marketing,Meals,229.78,2023-02-25 10:00:00,0,0.1664170791649876,1
1060,Marketing,Other,193.07,2023-02-25 11:00:00,0,0.17807370921540805,1
1088,Engineering,Meals,177.56,2023-02-25 12:00:00,0,0.18071618581539795,1
1095,HR,Supplies,193.94,2023-02-25 13:00:00,0,0.18121983483906906,1
1038,Finance,Meals,185.09,2023-02-25 14:00:00,0,0.1729039180708135,1
1093,Engineering,Meals,183.2,2023-02-25 15:00:00,0,0.17522236797011975,1
1083,HR,Travel,268.87,2023-02-25 16:00:00,0,0.10760547107924623,1
1036,Finance,Meals,231.63,2023-02-25 17:00:00,0,0.16426870414447736,1
1019,Finance,Other,254.2,2023-02-25 18:00:00,0,0.14756745558863377,1
1050,HR,Software,195.88,2023-02-25 19:00:00,0,0.18429032206165963,1
1090,Engineering,Travel,327.15,2023-02-25 20:00:00,0,-0.03890419025029368,-1
1039,Marketing,Travel,212.83,2023-02-25 21:00:00,0,0.18895541726936005,1
1012,Marketing,Travel,197.77,2023-02-25 22:00:00,0,0.19266443728101934,1
1007,Marketing,Software,160.51,2023-02-25 23:00:00,0,0.15448401010537904,1
1047,HR,Supplies,213.19,2023-02-26 00:00:00,0,0.18808332275900314,1
1055,HR,Supplies,246.27,2023-02-26 01:00:00,0,0.15658450238599997,1
1079,Engineering,Travel,216.15,2023-02-26 02:00:00,0,0.1876517302911609,1
1036,Engineering,Software,182.62,2023-02-26 03:00:00,0,0.1778647852451436,1
1054,HR,Travel,211.16,2023-02-26 04:00:00,0,0.18280522207648292,1
1065,Engineering,Travel,183.36,2023-02-26 05:00:00,0,0.17875549238257032,1
1094,Marketing,Supplies,210.45,2023-02-26 06:00:00,0,0.18304042366133422,1
1067,HR,Other,307.9,2023-02-26 07:00:00,0,0.014426817079823517,1
1095,Finance,Travel,289.72,2023-02-26 08:00:00,0,0.07015685891780699,1
1064,Engineering,Travel,269.54,2023-02-26 09:00:00,0,0.11224649551145899,1
1004,HR,Meals,211.89,2023-02-26 10:00:00,0,0.18376411359059042,1
1075,Engineering,Travel,196.37,2023-02-26 11:00:00,0,0.18799790632575403,1
1080,Marketing,Travel,139.99,2023-02-26 12:00:00,0,0.12319109019617308,1
1058,Finance,Travel,232.93,2023-02-26 13:00:00,0,0.16967159240075363,1
1082,Finance,Meals,135.54,2023-02-26 14:00:00,0,0.11702718327104783,1
1038,Marketing,Meals,276.21,2023-02-26 15:00:00,0,0.09704271237797302,1
1001,Finance,Software,151.5,2023-02-26 16:00:00,0,0.13136543902298276,1
1028,HR,Supplies,254.32,2023-02-26 17:00:00,0,0.14659659117901752,1
1068,HR,Meals,195.6,2023-02-26 18:00:00,0,0.18312118802301985,1
1049,Marketing,Other,240.16,2023-02-26 19:00:00,0,0.15753978235511928,1
1009,Engineering,Travel,269.86,2023-02-26 20:00:00,0,0.1136192071199465,1
1099,HR,Meals,143.07,2023-02-26 21:00:00,0,0.12789277692173606,1
1078,Engineering,Software,223.22,2023-02-26 22:00:00,0,0.18196960409648605,1
1074,Finance,Meals,133.21,2023-02-26 23:00:00,0,0.11703396101141428,1
1057,Marketing,Software,223.63,2023-02-27 00:00:00,0,0.1810185797169664,1
1099,HR,Meals,114.12,2023-02-27 01:00:00,0,0.0748606791203753,1
1081,HR,Other,242.86,2023-02-27 02:00:00,0,0.159685918595168,1
1057,Marketing,Software,176.99,2023-02-27 03:00:00,0,0.18051860632030448,1
1085,Engineering,Meals,229.39,2023-02-27 04:00:00,0,0.16925325199597635,1
1050,Marketing,Other,232.28,2023-02-27 05:00:00,0,0.1650546023343505,1
1074,Marketing,Other,122.22,2023-02-27 06:00:00,0,0.10574416100786643,1
1065,HR,Supplies,967.45,2023-02-27 07:00:00,1,-0.15686476055695653,-1
1083,HR,Meals,198.38,2023-02-27 08:00:00,0,0.1916887960089269,1
1077,Marketing,Other,223.24,2023-02-27 09:00:00,0,0.18196960409648605,1
1033,HR,Travel,268.06,2023-02-27 10:00:00,0,0.10946028018823328,1
1086,Engineering,Travel,226.5,2023-02-27 11:00:00,0,0.17273081026418158,1
1056,HR,Supplies,169.26,2023-02-27 12:00:00,0,0.165239856384993,1
1031,Finance,Software,136.46,2023-02-27 13:00:00,0,0.12297487623178932,1
1062,Engineering,Other,233.83,2023-02-27 14:00:00,0,0.172989700405976,1
1030,Marketing,Supplies,164.09,2023-02-27 15:00:00,0,0.16844694900563606,1
1046,Marketing,Software,140.77,2023-02-27 16:00:00,0,0.12618829718654728,1
1094,Engineering,Supplies,270.48,2023-02-27 17:00:00,0,0.11447594921153742,1
1052,Marketing,Other,260.37,2023-02-27 18:00:00,0,0.12811324584318345,1
1047,HR,Travel,175.96,2023-02-27 19:00:00,0,0.1792501260531853,1
1006,HR,Other,113.76,2023-02-27 20:00:00,0,0.07520616260667012,1
1039,Engineering,Supplies,198.84,2023-02-27 21:00:00,0,0.19028386952125592,1
1095,Engineering,Other,195.88,2023-02-27 22:00:00,0,0.18429032206165963,1
1024,Engineering,Other,198.53,2023-02-27 23:00:00,0,0.19022733058681496,1
1084,HR,Software,102.71,2023-02-28 00:00:00,0,0.041873616181187456,1
1086,Finance,Meals,891.75,2023-02-28 01:00:00,1,-0.16038977984584224,-1
1015,HR,Meals,107.3,2023-02-28 02:00:00,0,0.06220338078225918,1
1019,Marketing,Meals,185.92,2023-02-28 03:00:00,0,0.17874977763739308,1
1041,Finance,Travel,248.13,2023-02-28 04:00:00,0,0.15147384522168195,1
1067,Marketing,Other,188.22,2023-02-28 05:00:00,0,0.18317658763043337,1
1013,HR,Travel,326.37,2023-02-28 06:00:00,0,-0.03511259684569923,-1
1008,Engineering,Software,128.35,2023-02-28 07:00:00,0,0.10537679588006538,1
1022,Marketing,Supplies,183.35,2023-02-28 08:00:00,0,0.17936274841211552,1
1010,HR,Software,147.46,2023-02-28 09:00:00,0,0.12942868320898998,1
1049,Marketing,Software,2.76,2023-02-28 10:00:00,0,-0.13904124932741746,-1
1008,Marketing,Other,205.68,2023-02-28 11:00:00,0,0.18343894710654912,1
1052,Engineering,Meals,216.81,2023-02-28 12:00:00,0,0.18393263122652037,1
1015,Finance,Meals,203.31,2023-02-28 13:00:00,0,0.18707655435561915,1
1015,Engineering,Supplies,221.91,2023-02-28 14:00:00,0,0.18030644254593142,1
1035,HR,Meals,250.86,2023-02-28 15:00:00,0,0.15169339445793778,1
1006,Marketing,Software,188.55,2023-02-28 16:00:00,0,0.18173756205414138,1
1034,Engineering,Travel,204.54,2023-02-28 17:00:00,0,0.18687545410993722,1
1067,Marketing,Travel,111.31,2023-02-28 18:00:00,0,0.06124376499549411,1
1097,Finance,Software,262.21,2023-02-28 19:00:00,0,0.1192634328390188,1
1006,Finance,Other,160.85,2023-02-28 20:00:00,0,0.15691561355958733,1
1030,Finance,Travel,159.19,2023-02-28 21:00:00,0,0.154588323882962,1
1060,Engineering,Supplies,145.85,2023-02-28 22:00:00,0,0.13433677303568803,1
1005,HR,Travel,117.06,2023-02-28 23:00:00,0,0.08629117835818634,1
1062,Finance,Travel,181.97,2023-03-01 00:00:00,0,0.17842811180566542,1
1063,Engineering,Software,175.53,2023-03-01 01:00:00,0,0.179281788602357,1
1084,Finance,Other,195.06,2023-03-01 02:00:00,0,0.18142004123119893,1
1016,Marketing,Meals,115.96,2023-03-01 03:00:00,0,0.08630897039176805,1
1063,Finance,Supplies,265.23,2023-03-01 04:00:00,0,0.11762461126068369,1
1026,Marketing,Supplies,181.28,2023-03-01 05:00:00,0,0.17771401567208517,1
1075,Finance,Other,183.97,2023-03-01 06:00:00,0,0.17752144855774438,1
1041,Engineering,Supplies,193.75,2023-03-01 07:00:00,0,0.1798485912839906,1
1069,Finance,Other,105.12,2023-03-01 08:00:00,0,0.05196173788713809,1
1041,Finance,Software,197.16,2023-03-01 09:00:00,0,0.1894481977830405,1
1046,HR,Meals,92.32,2023-03-01 10:00:00,0,0.007868882012173062,1
1061,HR,Supplies,230.48,2023-03-01 11:00:00,0,0.16947075613610374,1
1063,Finance,Supplies,187.87,2023-03-01 12:00:00,0,0.18375580159249838,1
1056,Engineering,Supplies,253.32,2023-03-01 13:00:00,0,0.14926928610503154,1
1025,HR,Supplies,229.69,2023-03-01 14:00:00,0,0.16604049483531053,1
1068,HR,Meals,225.74,2023-03-01 15:00:00,0,0.17291029787099782,1
1006,Engineering,Software,207.26,2023-03-01 16:00:00,0,0.18151815346253924,1
1072,Finance,Software,281.1,2023-03-01 17:00:00,0,0.08664611005646206,1
1063,Finance,Meals,238.7,2023-03-01 18:00:00,0,0.1585124523378405,1
1060,Finance,Travel,179.7,2023-03-01 19:00:00,0,0.1698688236976615,1
1088,Finance,Travel,231.58,2023-03-01 20:00:00,0,0.16426870414447736,1
1026,Marketing,Travel,178.72,2023-03-01 21:00:00,0,0.17836839860321096,1
1050,Marketing,Other,261.25,2023-03-01 22:00:00,0,0.12444944382467699,1
1030,Marketing,Software,295.21,2023-03-01 23:00:00,0,0.04944276594251573,1
1062,Finance,Meals,164.63,2023-03-02 00:00:00,0,0.16986388225694732,1
1029,Marketing,Travel,164.6,2023-03-02 01:00:00,0,0.16986388225694732,1
1006,Engineering,Other,126.48,2023-03-02 02:00:00,0,0.10557750657741827,1
1030,HR,Supplies,238.37,2023-03-02 03:00:00,0,0.15715368653393752,1
1057,HR,Supplies,196.92,2023-03-02 04:00:00,0,0.1882000547887579,1
1096,Finance,Travel,182.49,2023-03-02 05:00:00,0,0.17591520521889648,1
1098,Engineering,Travel,230.58,2023-03-02 06:00:00,0,0.16786386584888846,1
1090,HR,Other,177.58,2023-03-02 07:00:00,0,0.18071618581539795,1
1031,Finance,Other,272.26,2023-03-02 08:00:00,0,0.11166733511950289,1
1009,Finance,Software,162.11,2023-03-02 09:00:00,0,0.16057017656986028,1
1099,HR,Software,185.26,2023-03-02 10:00:00,0,0.17189330516708606,1
1030,HR,Software,193.13,2023-03-02 11:00:00,0,0.17834938379654147,1
1048,Finance,Travel,210.56,2023-03-02 12:00:00,0,0.1823905706820133,1
1002,HR,Meals,271.11,2023-03-02 13:00:00,0,0.11517317485695622,1
1081,Marketing,Software,163.93,2023-03-02 14:00:00,0,0.16851013172636653,1
1016,HR,Other,196.8,2023-03-02 15:00:00,0,0.1882000547887579,1
1074,Finance,Other,259.0,2023-03-02 16:00:00,0,0.13175674216976174,1
1092,HR,Meals,136.53,2023-03-02 17:00:00,0,0.12282604099480504,1
1032,Marketing,Software,266.82,2023-03-02 18:00:00,0,0.1133372852700491,1
1004,Engineering,Travel,144.74,2023-03-02 19:00:00,0,0.1361786427226232,1
1000,Marketing,Meals,167.32,2023-03-02 20:00:00,0,0.16932132252017035,1
1084,Finance,Other,171.12,2023-03-02 21:00:00,0,0.16872894289994428,1
1058,HR,Other,235.55,2023-03-02 22:00:00,0,0.16287526932506435,1
1009,Finance,Other,205.63,2023-03-02 23:00:00,0,0.18321106585840036,1
1067,Marketing,Supplies,199.47,2023-03-03 00:00:00,0,0.19473732661299392,1
1075,Marketing,Supplies,162.97,2023-03-03 01:00:00,0,0.1653517840951642,1
1066,Finance,Supplies,225.57,2023-03-03 02:00:00,0,0.1730628971419696,1
1097,Engineering,Other,137.19,2023-03-03 03:00:00,0,0.121243392359563,1
1030,HR,Travel,232.14,2023-03-03 04:00:00,0,0.1635881122090116,1
1058,Marketing,Travel,307.77,2023-03-03 05:00:00,0,0.016481946493830946,1
1014,Marketing,Other,1121.65,2023-03-03 06:00:00,1,-0.18397419497701972,-1
1036,HR,Software,173.21,2023-03-03 07:00:00,0,0.17379434070834154,1
1034,HR,Other,186.63,2023-03-03 08:00:00,0,0.18108824341366658,1
1065,Marketing,Supplies,87.77,2023-03-03 09:00:00,0,-0.01610730620860157,-1
1057,Engineering,Other,240.53,2023-03-03 10:00:00,0,0.15836722840962186,1
1052,HR,Meals,199.22,2023-03-03 11:00:00,0,0.19271017370958954,1
1024,Finance,Travel,174.55,2023-03-03 12:00:00,0,0.1741252145863006,1
1001,Engineering,Supplies,228.56,2023-03-03 13:00:00,0,0.1712780710123709,1
1004,HR,Other,164.87,2023-03-03 14:00:00,0,0.16985722483199928,1
1075,Marketing,Meals,199.65,2023-03-03 15:00:00,0,0.19231705487532075,1
1085,Engineering,Software,198.88,2023-03-03 16:00:00,0,0.19075017573227698,1
1049,Finance,Meals,237.53,2023-03-03 17:00:00,0,0.16468919695998735,1
1054,Marketing,Software,138.2,2023-03-03 18:00:00,0,0.12169803241560823,1
1038,HR,Supplies,88.64,2023-03-03 19:00:00,0,-0.014135202427899451,-1
1006,Engineering,Meals,214.06,2023-03-03 20:00:00,0,0.18811909388914777,1
1049,HR,Software,169.63,2023-03-03 21:00:00,0,0.16699181036902583,1
1083,Marketing,Other,153.3,2023-03-03 22:00:00,0,0.1364673117141984,1
1042,Finance,Supplies,208.84,2023-03-03 23:00:00,0,0.18480133275011573,1
1023,HR,Travel,217.68,2023-03-04 00:00:00,0,0.17923963192763642,1
1010,Engineering,Supplies,239.41,2023-03-04 01:00:00,0,0.1608616551902507,1
1046,Finance,Travel,272.01,2023-03-04 02:00:00,0,0.11325082062831232,1
1048,HR,Travel,235.74,2023-03-04 03:00:00,0,0.16283253486719618,1
1084,Engineering,Software,254.99,2023-03-04 04:00:00,0,0.1453758433454888,1
1072,Engineering,Supplies,320.03,2023-03-04 05:00:00,0,-0.01906121864171295,-1
1050,Marketing,Other,213.18,2023-03-04 06:00:00,0,0.18808332275900314,1
1068,Marketing,Software,178.06,2023-03-04 07:00:00,0,0.18223179953352692,1
1062,Marketing,Other,137.25,2023-03-04 08:00:00,0,0.12187140428973742,1
1082,Marketing,Software,186.75,2023-03-04 09:00:00,0,0.18028981652650022,1
1032,Marketing,Travel,94.78,2023-03-04 10:00:00,0,0.015989615484866326,1
1047,Finance,Other,227.7,2023-03-04 11:00:00,0,0.17251608018122938,1
1021,Marketing,Other,179.72,2023-03-04 12:00:00,0,0.1698688236976615,1
1096,Finance,Software,162.6,2023-03-04 13:00:00,0,0.16480455072062056,1
1060,Marketing,Supplies,152.63,2023-03-04 14:00:00,0,0.13590139939844403,1
1048,Engineering,Meals,197.3,2023-03-04 15:00:00,0,0.19140677572872805,1
1076,Marketing,Meals,773.0,2023-03-04 16:00:00,1,-0.17157772654468584,-1
1042,Engineering,Supplies,120.44,2023-03-04 17:00:00,0,0.10299382826536413,1
1007,Marketing,Other,233.99,2023-03-04 18:00:00,0,0.17233589755983653,1
1076,Engineering,Supplies,223.93,2023-03-04 19:00:00,0,0.18166558416798645,1
1064,Finance,Supplies,226.5,2023-03-04 20:00:00,0,0.17273081026418158,1
1085,Marketing,Other,278.12,2023-03-04 21:00:00,0,0.09266540094385489,1
1034,Engineering,Travel,152.19,2023-03-04 22:00:00,0,0.1367848803800697,1
1046,Finance,Other,160.05,2023-03-04 23:00:00,0,0.15466244403827356,1
1007,Finance,Meals,252.52,2023-03-05 00:00:00,0,0.15376263691343134,1
1046,Engineering,Travel,206.97,2023-03-05 01:00:00,0,0.18301747289813708,1
1077,Marketing,Other,222.68,2023-03-05 02:00:00,0,0.17921903518826954,1
1052,Engineering,Other,256.8,2023-03-05 03:00:00,0,0.13605732928700826,1
1070,HR,Travel,195.86,2023-03-05 04:00:00,0,0.18429032206165963,1
1096,Engineering,Software,834.9,2023-03-05 05:00:00,1,-0.16545457051852164,-1
1091,HR,Supplies,122.2,2023-03-05 06:00:00,0,0.10574416100786643,1
1013,Marketing,Other,286.66,2023-03-05 07:00:00,0,0.08163705195800963,1
1010,Engineering,Meals,267.32,2023-03-05 08:00:00,0,0.10770707243445321,1
1030,Engineering,Other,199.48,2023-03-05 09:00:00,0,0.19473732661299392,1
1066,Marketing,Meals,243.88,2023-03-05 10:00:00,0,0.1604091945286828,1
1000,Engineering,Software,192.93,2023-03-05 11:00:00,0,0.17628969693761998,1
1032,HR,Software,204.35,2023-03-05 12:00:00,0,0.186329069726881,1
1029,HR,Supplies,231.86,2023-03-05 13:00:00,0,0.16197093255047668,1
1009,Marketing,Software,140.5,2023-03-05 14:00:00,0,0.12416629144414221,1
1093,Engineering,Other,281.04,2023-03-05 15:00:00,0,0.08664611005646206,1
1017,Marketing,Meals,233.83,2023-03-05 16:00:00,0,0.172989700405976,1
1075,Finance,Other,109.14,2023-03-05 17:00:00,0,0.06000640104734423,1
1085,Marketing,Software,188.12,2023-03-05 18:00:00,0,0.1832330597830108,1
1046,HR,Travel,218.45,2023-03-05 19:00:00,0,0.17766553712100086,1
1069,Marketing,Software,91.26,2023-03-05 20:00:00,0,0.002707906080884337,1
1068,Finance,Software,195.2,2023-03-05 21:00:00,0,0.18242198962152895,1
1031,Engineering,Supplies,189.7,2023-03-05 22:00:00,0,0.18244912210220599,1
1037,Marketing,Supplies,134.06,2023-03-05 23:00:00,0,0.11863871811571775,1
1033,Finance,Software,166.12,2023-03-06 00:00:00,0,0.17213721864749604,1
1028,HR,Travel,222.33,2023-03-06 01:00:00,0,0.18130151236813358,1
1081,HR,Software,232.33,2023-03-06 02:00:00,0,0.1644850642795535,1
1047,HR,Travel,185.14,2023-03-06 03:00:00,0,0.1729039180708135,1
1079,Engineering,Meals,223.65,2023-03-06 04:00:00,0,0.1810185797169664,1
1065,Marketing,Other,196.81,2023-03-06 05:00:00,0,0.1882000547887579,1
1030,HR,Meals,255.41,2023-03-06 06:00:00,0,0.14346231563223677,1
1084,Engineering,Meals,195.55,2023-03-06 07:00:00,0,0.18233548798027815,1
1011,Finance,Other,160.76,2023-03-06 08:00:00,0,0.15494825277531282,1
1048,Finance,Meals,247.99,2023-03-06 09:00:00,0,0.14987385665985692,1
1064,Marketing,Software,128.22,2023-03-06 10:00:00,0,0.10439323951475599,1
1077,Finance,Travel,217.65,2023-03-06 11:00:00,0,0.17923963192763642,1
1068,Marketing,Other,189.8,2023-03-06 12:00:00,0,0.18293523278550333,1
1027,Marketing,Supplies,111.97,2023-03-06 13:00:00,0,0.060825554351613964,1
1037,Engineering,Supplies,211.71,2023-03-06 14:00:00,0,0.183493190426256,1
1018,HR,Meals,220.42,2023-03-06 15:00:00,0,0.17978150717593216,1
1014,Marketing,Other,254.25,2023-03-06 16:00:00,0,0.14684951532609863,1
1006,Engineering,Supplies,114.48,2023-03-06 17:00:00,0,0.0791116811834639,1
1002,Engineering,Meals,237.48,2023-03-06 18:00:00,0,0.16468919695998735,1
1011,HR,Meals,196.56,2023-03-06 19:00:00,0,0.18731352238024523,1
1054,Marketing,Software,199.49,2023-03-06 20:00:00,0,0.19473732661299392,1
1034,HR,Travel,250.75,2023-03-06 21:00:00,0,0.1511483986149727,1
1046,Finance,Software,187.85,2023-03-06 22:00:00,0,0.18348378615738375,1
1073,Marketing,Meals,154.19,2023-03-06 23:00:00,0,0.1374359360292537,1
1064,Marketing,Travel,183.71,2023-03-07 00:00:00,0,0.1789207399129381,1
1019,HR,Software,244.71,2023-03-07 01:00:00,0,0.1637300059807919,1
1014,Engineering,Meals,198.52,2023-03-07 02:00:00,0,0.19022733058681496,1
1052,Marketing,Supplies,258.22,2023-03-07 03:00:00,0,0.13367428770829703,1
1047,Engineering,Software,285.05,2023-03-07 04:00:00,0,0.08121889607428867,1
1090,HR,Other,150.52,2023-03-07 05:00:00,0,0.1346781775753691,1
1089,HR,Software,139.41,2023-03-07 06:00:00,0,0.12378425649301267,1
1000,Finance,Supplies,153.38,2023-03-07 07:00:00,0,0.13622495582449745,1
1087,Marketing,Software,172.12,2023-03-07 08:00:00,0,0.17136795369647695,1
1042,Finance,Supplies,271.62,2023-03-07 09:00:00,0,0.11333791341988642,1
1092,HR,Travel,132.97,2023-03-07 10:00:00,0,0.11410640527969701,1
1098,Engineering,Travel,112.16,2023-03-07 11:00:00,0,0.06153526675666321,1
1004,Finance,Supplies,239.45,2023-03-07 12:00:00,0,0.1608616551902507,1
1083,Marketing,Other,140.83,2023-03-07 13:00:00,0,0.1252183188793246,1
1027,Marketing,Software,216.43,2023-03-07 14:00:00,0,0.18893148119242315,1
1013,Engineering,Meals,185.7,2023-03-07 15:00:00,0,0.17255952909873973,1
1094,Finance,Meals,267.69,2023-03-07 16:00:00,0,0.10780516054493611,1
1063,Finance,Supplies,249.86,2023-03-07 17:00:00,0,0.15381113374678668,1
1075,Marketing,Other,197.29,2023-03-07 18:00:00,0,0.19140677572872805,1
1095,Engineering,Other,91.39,2023-03-07 19:00:00,0,0.003496208511973742,1
1063,Finance,Travel,1222.35,2023-03-07 20:00:00,1,-0.204552758687511,-1
1088,HR,Software,235.43,2023-03-07 21:00:00,0,0.16344698423716986,1
1046,Marketing,Meals,168.11,2023-03-07 22:00:00,0,0.16905533039231685,1
1036,Marketing,Software,277.54,2023-03-07 23:00:00,0,0.09536395254301228,1
1000,Engineering,Meals,222.45,2023-03-08 00:00:00,0,0.17907473842440613,1
1008,Finance,Meals,159.19,2023-03-08 01:00:00,0,0.154588323882962,1
1060,HR,Meals,252.61,2023-03-08 02:00:00,0,0.15456655656886686,1
1027,Engineering,Travel,179.29,2023-03-08 03:00:00,0,0.17282038496230834,1
1012,Marketing,Software,151.45,2023-03-08 04:00:00,0,0.13167270509213974,1
1012,Finance,Software,200.49,2023-03-08 05:00:00,0,0.19001936660815283,1
1002,Marketing,Software,77.46,2023-03-08 06:00:00,0,-0.05592117500610427,-1
1062,Finance,Supplies,261.39,2023-03-08 07:00:00,0,0.1241722807372257,1
1075,Finance,Software,271.01,2023-03-08 08:00:00,0,0.1151071519508286,1
1002,Finance,Other,185.14,2023-03-08 09:00:00,0,0.1729039180708135,1
1058,Marketing,Other,230.76,2023-03-08 10:00:00,0,0.16826168145192777,1
1005,HR,Software,173.71,2023-03-08 11:00:00,0,0.1743001791424587,1
1056,HR,Travel,298.68,2023-03-08 12:00:00,0,0.04228230795441801,1
1071,Marketing,Other,180.36,2023-03-08 13:00:00,0,0.1709698929714018,1
1033,HR,Supplies,243.3,2023-03-08 14:00:00,0,0.16075015592239866,1
1075,HR,Meals,172.06,2023-03-08 15:00:00,0,0.17154850455493198,1
1089,Finance,Supplies,161.39,2023-03-08 16:00:00,0,0.15726012551416124,1
1056,Engineering,Software,169.05,2023-03-08 17:00:00,0,0.16578300705502724,1
1092,Engineering,Other,216.45,2023-03-08 18:00:00,0,0.1878149255257533,1
1096,Engineering,Other,181.28,2023-03-08 19:00:00,0,0.17771401567208517,1
1052,Marketing,Supplies,154.06,2023-03-08 20:00:00,0,0.13733675203660706,1
1083,HR,Meals,72.58,2023-03-08 21:00:00,0,-0.07703849122180806,-1
1090,Marketing,Travel,220.21,2023-03-08 22:00:00,0,0.1787889059396469,1
1080,Marketing,Travel,193.43,2023-03-08 23:00:00,0,0.1803729883314525,1
1020,Finance,Software,203.25,2023-03-09 00:00:00,0,0.18740202692201918,1
1050,Finance,Meals,128.57,2023-03-09 01:00:00,0,0.10505173233850895,1
1046,Finance,Travel,164.01,2023-03-09 02:00:00,0,0.16851013172636653,1
1035,Finance,Other,228.39,2023-03-09 03:00:00,0,0.17049437951825713,1
1000,Finance,Meals,143.51,2023-03-09 04:00:00,0,0.13089096882049445,1
1054,Finance,Software,129.38,2023-03-09 05:00:00,0,0.10713915993368178,1
1059,Engineering,Other,249.27,2023-03-09 06:00:00,0,0.1516732199817935,1
1001,Marketing,Other,126.09,2023-03-09 07:00:00,0,0.10277426103133014,1
1022,Engineering,Travel,285.53,2023-03-09 08:00:00,0,0.08001077836314496,1
1047,HR,Travel,166.51,2023-03-09 09:00:00,0,0.1699218164130723,1
1077,HR,Supplies,247.02,2023-03-09 10:00:00,0,0.15374947656740318,1
1044,Finance,Travel,183.39,2023-03-09 11:00:00,0,0.17875549238257032,1
1065,Engineering,Meals,239.47,2023-03-09 12:00:00,0,0.1608616551902507,1
1068,Finance,Meals,134.53,2023-03-09 13:00:00,0,0.1135271541499675,1
1068,Finance,Other,232.66,2023-03-09 14:00:00,0,0.1671598335152425,1
1094,HR,Meals,178.46,2023-03-09 15:00:00,0,0.1784503376926433,1
1061,Finance,Meals,159.5,2023-03-09 16:00:00,0,0.15587288420591444,1
1093,Finance,Supplies,180.93,2023-03-09 17:00:00,0,0.17599533198439749,1
1002,Finance,Supplies,152.83,2023-03-09 18:00:00,0,0.13423637888267764,1
1057,Finance,Meals,245.45,2023-03-09 19:00:00,0,0.15820089668185117,1
1080,HR,Travel,78.09,2023-03-09 20:00:00,0,-0.055332939180866014,-1
1019,HR,Other,206.65,2023-03-09 21:00:00,0,0.18406506501215658,1
1070,HR,Supplies,115.5,2023-03-09 22:00:00,0,0.08518007489512358,1
1007,Engineering,Travel,117.86,2023-03-09 23:00:00,0,0.08713891198834905,1
1011,Engineering,Travel,105.94,2023-03-10 00:00:00,0,0.055066143075389595,1
1057,HR,Meals,197.76,2023-03-10 01:00:00,0,0.19266443728101934,1
1073,Engineering,Other,190.39,2023-03-10 02:00:00,0,0.17928034424175188,1
1016,Marketing,Software,234.23,2023-03-10 03:00:00,0,0.16882399496439604,1
1026,Finance,Other,293.5,2023-03-10 04:00:00,0,0.058266846198403166,1
1018,Marketing,Software,187.76,2023-03-10 05:00:00,0,0.18348378615738375,1
1001,Marketing,Travel,1090.1,2023-03-10 06:00:00,1,-0.17723445990674225,-1
1067,Engineering,Travel,105.76,2023-03-10 07:00:00,0,0.05470702851671616,1
1057,Finance,Travel,126.03,2023-03-10 08:00:00,0,0.10277426103133014,1
1063,Finance,Travel,158.81,2023-03-10 09:00:00,0,0.1557809148066494,1
1007,Engineering,Meals,271.29,2023-03-10 10:00:00,0,0.11361318885813326,1
1014,Engineering,Other,210.88,2023-03-10 11:00:00,0,0.18266561147425192,1
1032,HR,Supplies,268.95,2023-03-10 12:00:00,0,0.10734940061701398,1
1018,Finance,Meals,230.14,2023-03-10 13:00:00,0,0.16738840831821455,1
1027,Marketing,Supplies,141.72,2023-03-10 14:00:00,0,0.12558753552005952,1
1075,Finance,Travel,216.66,2023-03-10 15:00:00,0,0.1881865188492723,1
1062,HR,Meals,289.6,2023-03-10 16:00:00,0,0.07039334297353561,1
1031,Marketing,Travel,167.92,2023-03-10 17:00:00,0,0.16905533039231685,1
1067,Engineering,Supplies,268.47,2023-03-10 18:00:00,0,0.10742681822145517,1
1029,Engineering,Other,140.32,2023-03-10 19:00:00,0,0.12236794326683559,1
1057,Finance,Software,215.58,2023-03-10 20:00:00,0,0.1912253870700955,1
1071,Marketing,Travel,89.2,2023-03-10 21:00:00,0,-0.011573098377711366,-1
1052,Engineering,Supplies,247.93,2023-03-10 22:00:00,0,0.1476558004845263,1
1047,HR,Supplies,713.15,2023-03-10 23:00:00,1,-0.17671846998694962,-1
1091,Engineering,Meals,278.06,2023-03-11 00:00:00,0,0.09376365355560834,1
1072,Finance,Travel,179.43,2023-03-11 01:00:00,0,0.16919497759067953,1
1041,Engineering,Other,197.26,2023-03-11 02:00:00,0,0.19108457599885337,1
1059,Engineering,Other,232.9,2023-03-11 03:00:00,0,0.16967159240075363,1
1044,Finance,Supplies,306.75,2023-03-11 04:00:00,0,0.02147530966450606,1
1070,Marketing,Meals,176.17,2023-03-11 05:00:00,0,0.182025296206216,1
1053,Finance,Supplies,213.76,2023-03-11 06:00:00,0,0.18785955512619157,1
1010,Engineering,Software,201.77,2023-03-11 07:00:00,0,0.18888540460514286,1
1021,Marketing,Supplies,220.44,2023-03-11 08:00:00,0,0.17978150717593216,1
1011,Finance,Supplies,1227.6,2023-03-11 09:00:00,1,-0.20562277784944216,-1
1084,Finance,Travel,235.55,2023-03-11 10:00:00,0,0.16287526932506435,1
1078,Engineering,Meals,188.34,2023-03-11 11:00:00,0,0.1812749505767388,1
1061,Engineering,Travel,222.69,2023-03-11 12:00:00,0,0.17921903518826954,1
1093,Marketing,Meals,246.7,2023-03-11 13:00:00,0,0.15687471135295822,1
1045,Marketing,Other,165.19,2023-03-11 14:00:00,0,0.17053793504043502,1
1037,HR,Travel,1059.75,2023-03-11 15:00:00,1,-0.17414375057413622,-1
1021,Engineering,Supplies,232.34,2023-03-11 16:00:00,0,0.1644850642795535,1
1093,Engineering,Other,126.55,2023-03-11 17:00:00,0,0.10557750657741827,1
1090,Finance,Travel,158.74,2023-03-11 18:00:00,0,0.15495362098050103,1
1008,Marketing,Other,289.61,2023-03-11 19:00:00,0,0.07039334297353561,1
1004,Marketing,Supplies,234.78,2023-03-11 20:00:00,0,0.1677919652509512,1
1070,Marketing,Travel,139.83,2023-03-11 21:00:00,0,0.12270850590207932,1
1057,Finance,Travel,99.67,2023-03-11 22:00:00,0,0.026265475976899322,1
1052,Finance,Travel,149.35,2023-03-11 23:00:00,0,0.12944391874845657,1
1003,Engineering,Meals,137.7,2023-03-12 00:00:00,0,0.12108410937384845,1
1089,Engineering,Meals,141.18,2023-03-12 01:00:00,0,0.12634525641474775,1
1015,HR,Travel,188.25,2023-03-12 02:00:00,0,0.18121725157937602,1
1041,Finance,Software,248.7,2023-03-12 03:00:00,0,0.15274103243494636,1
1095,HR,Software,163.05,2023-03-12 04:00:00,0,0.1653517840951642,1
1079,Engineering,Other,227.25,2023-03-12 05:00:00,0,0.17185521549893612,1
1011,Finance,Other,205.93,2023-03-12 06:00:00,0,0.1854965993839392,1
1080,Marketing,Software,172.7,2023-03-12 07:00:00,0,0.17182040318966446,1
1005,Engineering,Travel,233.61,2023-03-12 08:00:00,0,0.17333765681859536,1
1039,HR,Travel,263.03,2023-03-12 09:00:00,0,0.1181229871436264,1
1079,Finance,Supplies,847.25,2023-03-12 10:00:00,1,-0.16393153359018853,-1
1041,Finance,Supplies,92.13,2023-03-12 11:00:00,0,0.007949951411298617,1
1041,HR,Supplies,196.71,2023-03-12 12:00:00,0,0.18758294754461086,1
1085,HR,Other,233.38,2023-03-12 13:00:00,0,0.17152221857543154,1
1081,Finance,Software,191.42,2023-03-12 14:00:00,0,0.1770291400688403,1
1088,Engineering,Supplies,263.55,2023-03-12 15:00:00,0,0.11663430504695554,1
1025,HR,Meals,75.51,2023-03-12 16:00:00,0,-0.06422204124389319,-1
1086,Engineering,Other,196.04,2023-03-12 17:00:00,0,0.1851186923021954,1
1079,Finance,Software,217.48,2023-03-12 18:00:00,0,0.18097060725180975,1
1092,Finance,Supplies,258.16,2023-03-12 19:00:00,0,0.13355818187319846,1
1088,Finance,Meals,241.96,2023-03-12 20:00:00,0,0.15326368389696066,1
1062,Marketing,Other,175.01,2023-03-12 21:00:00,0,0.17508444263619216,1
1082,Engineering,Meals,140.01,2023-03-12 22:00:00,0,0.12319109019617308,1
1030,HR,Meals,117.06,2023-03-12 23:00:00,0,0.08629117835818634,1
1086,Engineering,Other,130.16,2023-03-13 00:00:00,0,0.10569667521561571,1
1071,Marketing,Meals,223.79,2023-03-13 01:00:00,0,0.1819107549908589,1
1014,Marketing,Supplies,170.94,2023-03-13 02:00:00,0,0.16702804633128854,1
1030,Engineering,Travel,162.13,2023-03-13 03:00:00,0,0.16057017656986028,1
1013,HR,Travel,221.21,2023-03-13 04:00:00,0,0.1801494916440063,1
1039,Marketing,Meals,242.29,2023-03-13 05:00:00,0,0.15428896608066045,1
1037,Engineering,Supplies,227.36,2023-03-13 06:00:00,0,0.1727859650394018,1
1042,Finance,Meals,145.26,2023-03-13 07:00:00,0,0.13611179611865704,1
1083,HR,Travel,888.7,2023-03-13 08:00:00,1,-0.1598851829514435,-1
1047,HR,Software,208.03,2023-03-13 09:00:00,0,0.18621935588555671,1
1058,Marketing,Travel,233.14,2023-03-13 10:00:00,0,0.16998843138990744,1
1096,Engineering,Meals,212.73,2023-03-13 11:00:00,0,0.18895541726936005,1
1059,Finance,Software,207.54,2023-03-13 12:00:00,0,0.18319570838850224,1
1041,Marketing,Travel,328.12,2023-03-13 13:00:00,0,-0.0397499065771908,-1
1055,Engineering,Travel,187.56,2023-03-13 14:00:00,0,0.18435559527679707,1
1012,Engineering,Other,214.4,2023-03-13 15:00:00,0,0.18904122642322618,1
1089,Engineering,Supplies,244.41,2023-03-13 16:00:00,0,0.1635135029645305,1
1022,Marketing,Software,182.86,2023-03-13 17:00:00,0,0.1774274571339584,1
1026,Finance,Travel,171.62,2023-03-13 18:00:00,0,0.16919278237342184,1
1062,HR,Software,65.49,2023-03-13 19:00:00,0,-0.11021098388753425,-1
1012,HR,Travel,199.61,2023-03-13 20:00:00,0,0.19231705487532075,1
1035,Engineering,Meals,192.5,2023-03-13 21:00:00,0,0.17529788220934134,1
1040,Marketing,Meals,199.15,2023-03-13 22:00:00,0,0.19271017370958954,1
1074,Engineering,Travel,177.05,2023-03-13 23:00:00,0,0.1815449235484618,1
1036,Finance,Supplies,227.94,2023-03-14 00:00:00,0,0.17065357515229646,1
1048,HR,Software,121.3,2023-03-14 01:00:00,0,0.10190829551172015,1
1051,Engineering,Supplies,209.01,2023-03-14 02:00:00,0,0.18163150530494088,1
1013,Marketing,Other,199.25,2023-03-14 03:00:00,0,0.19271017370958954,1
1022,Finance,Supplies,132.1,2023-03-14 04:00:00,0,0.10870677149138891,1
1014,Finance,Meals,191.69,2023-03-14 05:00:00,0,0.17535512685087257,1
1087,Finance,Supplies,238.99,2023-03-14 06:00:00,0,0.15788152169202418,1
1037,Finance,Meals,262.08,2023-03-14 07:00:00,0,0.1192634328390188,1
1033,Engineering,Meals,232.6,2023-03-14 08:00:00,0,0.16713467207616028,1
1003,Marketing,Meals,220.3,2023-03-14 09:00:00,0,0.1790640967921247,1
1010,Marketing,Travel,263.7,2023-03-14 10:00:00,0,0.1164355972239855,1
1053,HR,Supplies,225.05,2023-03-14 11:00:00,0,0.17517744158414777,1
1018,Finance,Other,111.63,2023-03-14 12:00:00,0,0.060660033631916854,1
1090,Engineering,Other,212.28,2023-03-14 13:00:00,0,0.18796610468794828,1
1097,Marketing,Other,201.14,2023-03-14 14:00:00,0,0.18676726989254766,1
1077,Finance,Other,185.47,2023-03-14 15:00:00,0,0.17245820251117483,1
1014,HR,Travel,229.44,2023-03-14 16:00:00,0,0.16897142101411322,1
1087,Finance,Supplies,161.98,2023-03-14 17:00:00,0,0.15852887571695046,1
1048,Finance,Other,239.62,2023-03-14 18:00:00,0,0.1611666269458979,1
1037,HR,Travel,214.46,2023-03-14 19:00:00,0,0.18904122642322618,1
1026,Engineering,Travel,261.92,2023-03-14 20:00:00,0,0.12174011813983676,1
1026,Marketing,Software,189.64,2023-03-14 21:00:00,0,0.18244912210220599,1
1073,Finance,Software,191.13,2023-03-14 22:00:00,0,0.17895555177714856,1
1032,Marketing,Travel,283.99,2023-03-14 23:00:00,0,0.08116655045838561,1
1062,Marketing,Other,225.15,2023-03-15 00:00:00,0,0.17495725366964238,1
1094,Marketing,Software,216.73,2023-03-15 01:00:00,0,0.1878127048539922,1
1061,Engineering,Travel,274.21,2023-03-15 02:00:00,0,0.10627285184507379,1
1080,HR,Software,155.41,2023-03-15 03:00:00,0,0.14228016793659543,1
1072,Marketing,Software,288.64,2023-03-15 04:00:00,0,0.07510979953200181,1
1055,HR,Travel,283.85,2023-03-15 05:00:00,0,0.08222728706847493,1
1038,Engineering,Software,160.9,2023-03-15 06:00:00,0,0.15624005263080953,1
1013,Marketing,Travel,113.14,2023-03-15 07:00:00,0,0.07010233798394905,1
1008,Marketing,Supplies,302.78,2023-03-15 08:00:00,0,0.03223480512050336,1
1013,Marketing,Other,815.95,2023-03-15 09:00:00,1,-0.16647164727030261,-1
1036,Marketing,Other,212.67,2023-03-15 10:00:00,0,0.1881303683595042,1
1023,Engineering,Meals,212.26,2023-03-15 11:00:00,0,0.18796610468794828,1
1010,HR,Travel,212.52,2023-03-15 12:00:00,0,0.18819519781301508,1
1036,Engineering,Travel,133.06,2023-03-15 13:00:00,0,0.11678258427683907,1
1014,Finance,Software,210.21,2023-03-15 14:00:00,0,0.1820324737380553,1
1016,Finance,Software,228.07,2023-03-15 15:00:00,0,0.169411539430543,1
1011,Finance,Other,197.96,2023-03-15 16:00:00,0,0.19311873223165466,1
1025,Finance,Software,262.92,2023-03-15 17:00:00,0,0.11770302280085071,1
1052,Marketing,Travel,157.73,2023-03-15 18:00:00,0,0.15405097285892294,1
1036,HR,Meals,230.21,2023-03-15 19:00:00,0,0.16738840831821455,1
1095,Engineering,Supplies,226.72,2023-03-15 20:00:00,0,0.17361337231965573,1
1010,Marketing,Travel,225.07,2023-03-15 21:00:00,0,0.17462161075038957,1
1049,Marketing,Meals,164.26,2023-03-15 22:00:00,0,0.16847744784045593,1
1010,Finance,Other,226.44,2023-03-15 23:00:00,0,0.17273081026418158,1
1072,Marketing,Other,209.77,2023-03-16 00:00:00,0,0.18232218344001155,1
1059,Finance,Travel,221.72,2023-03-16 01:00:00,0,0.18104807894684455,1
1017,HR,Travel,147.01,2023-03-16 02:00:00,0,0.13016149732774218,1
1082,Marketing,Other,185.94,2023-03-16 03:00:00,0,0.1795237503803711,1
1088,HR,Travel,318.38,2023-03-16 04:00:00,0,-0.01736837144102321,-1
1086,HR,Supplies,194.8,2023-03-16 05:00:00,0,0.1811464449178486,1
1035,Engineering,Other,157.06,2023-03-16 06:00:00,0,0.14753311881172404,1
1020,Finance,Supplies,224.04,2023-03-16 07:00:00,0,0.18089893482477082,1
1073,Engineering,Other,239.42,2023-03-16 08:00:00,0,0.1608616551902507,1
1021,Finance,Other,146.55,2023-03-16 09:00:00,0,0.13289936742907493,1
1065,HR,Meals,281.08,2023-03-16 10:00:00,0,0.08664611005646206,1
1020,Finance,Supplies,184.63,2023-03-16 11:00:00,0,0.172499483309558,1
1076,HR,Other,217.87,2023-03-16 12:00:00,0,0.17909244070722385,1
1074,HR,Software,184.51,2023-03-16 13:00:00,0,0.172499483309558,1
1040,HR,Travel,67.97,2023-03-16 14:00:00,0,-0.09848543022394984,-1
1037,Engineering,Travel,152.58,2023-03-16 15:00:00,0,0.13590139939844403,1
1066,HR,Supplies,251.42,2023-03-16 16:00:00,0,0.15533575494631824,1
1092,HR,Other,170.62,2023-03-16 17:00:00,0,0.16876412037528127,1
1047,Marketing,Other,151.88,2023-03-16 18:00:00,0,0.13654761308025737,1
1011,Finance,Other,229.95,2023-03-16 19:00:00,0,0.16664505146531888,1
1069,Finance,Software,220.04,2023-03-16 20:00:00,0,0.17762853970975895,1
1091,HR,Supplies,220.47,2023-03-16 21:00:00,0,0.17978150717593216,1
1095,Marketing,Meals,303.5,2023-03-16 22:00:00,0,0.03270307666226513,1
1085,Marketing,Software,1348.85,2023-03-16 23:00:00,1,-0.2256815537219362,-1
1003,Marketing,Supplies,165.36,2023-03-17 00:00:00,0,0.17282279199961736,1
1041,HR,Software,223.14,2023-03-17 01:00:00,0,0.18018793561103436,1
1060,Finance,Travel,108.16,2023-03-17 02:00:00,0,0.06153369463562375,1
1006,Finance,Other,214.32,2023-03-17 03:00:00,0,0.18949893461778816,1
1010,Engineering,Other,139.87,2023-03-17 04:00:00,0,0.12270850590207932,1
1013,Finance,Meals,251.13,2023-03-17 05:00:00,0,0.15169339445793778,1
1015,Marketing,Software,212.36,2023-03-17 06:00:00,0,0.18796610468794828,1
1045,Finance,Meals,195.88,2023-03-17 07:00:00,0,0.18429032206165963,1
1035,Finance,Other,271.18,2023-03-17 08:00:00,0,0.11549139268513497,1
1053,Engineering,Software,143.29,2023-03-17 09:00:00,0,0.1292950211529451,1
1053,Finance,Supplies,201.52,2023-03-17 10:00:00,0,0.1872442794411877,1
1085,Engineering,Travel,157.04,2023-03-17 11:00:00,0,0.14782944974968665,1
1071,Finance,Software,235.82,2023-03-17 12:00:00,0,0.16283253486719618,1
1026,Engineering,Supplies,229.21,2023-03-17 13:00:00,0,0.17006974131998814,1
1029,Engineering,Software,95.92,2023-03-17 14:00:00,0,0.021750881824736612,1
1002,Engineering,Other,164.78,2023-03-17 15:00:00,0,0.1690123866790576,1
1014,Finance,Travel,154.23,2023-03-17 16:00:00,0,0.138925213336127,1
1041,Finance,Software,155.06,2023-03-17 17:00:00,0,0.13971647627783723,1
1058,Finance,Supplies,160.54,2023-03-17 18:00:00,0,0.15448401010537904,1
1001,Engineering,Software,166.12,2023-03-17 19:00:00,0,0.17213721864749604,1
1053,Engineering,Supplies,156.62,2023-03-17 20:00:00,0,0.1466253824244148,1
1050,Marketing,Software,141.04,2023-03-17 21:00:00,0,0.12634525641474775,1
1039,Engineering,Travel,197.7,2023-03-17 22:00:00,0,0.19342195007181961,1
1072,Marketing,Supplies,202.55,2023-03-17 23:00:00,0,0.1893844031307052,1
1025,HR,Other,222.21,2023-03-18 00:00:00,0,0.18225468616127133,1
1056,Finance,Other,171.32,2023-03-18 01:00:00,0,0.16794043042787815,1
1007,HR,Software,255.5,2023-03-18 02:00:00,0,0.14406028185666536,1
1013,Marketing,Other,172.1,2023-03-18 03:00:00,0,0.17154850455493198,1
1033,Engineering,Meals,206.55,2023-03-18 04:00:00,0,0.18390243385981225,1
1009,Marketing,Software,206.59,2023-03-18 05:00:00,0,0.18390243385981225,1
1086,HR,Meals,238.67,2023-03-18 06:00:00,0,0.1585124523378405,1
1013,HR,Software,251.72,2023-03-18 07:00:00,0,0.15351930010206527,1
1088,HR,Other,242.07,2023-03-18 08:00:00,0,0.15297103093154762,1
1028,Engineering,Software,173.57,2023-03-18 09:00:00,0,0.17431070172932106,1
1078,Finance,Software,259.24,2023-03-18 10:00:00,0,0.13072920862661447,1
1025,Marketing,Travel,235.25,2023-03-18 11:00:00,0,0.16442692997373332,1
1086,Finance,Other,129.66,2023-03-18 12:00:00,0,0.10494477112604872,1
1057,Marketing,Meals,203.92,2023-03-18 13:00:00,0,0.18767095248665472,1
1090,Engineering,Meals,188.68,2023-03-18 14:00:00,0,0.1805961008191987,1
1074,HR,Travel,121.68,2023-03-18 15:00:00,0,0.10447108099578456,1
1097,Finance,Other,282.19,2023-03-18 16:00:00,0,0.08526943919668639,1
1020,HR,Supplies,210.96,2023-03-18 17:00:00,0,0.18266561147425192,1
1006,Marketing,Software,215.27,2023-03-18 18:00:00,0,0.19039175637020023,1
1094,Marketing,Travel,157.58,2023-03-18 19:00:00,0,0.15410462195735852,1
1095,Finance,Meals,214.8,2023-03-18 20:00:00,0,0.19000212936220262,1
1033,Finance,Travel,230.64,2023-03-18 21:00:00,0,0.1682277338216419,1
1020,Finance,Meals,216.78,2023-03-18 22:00:00,0,0.1856942611751199,1
1064,HR,Travel,251.17,2023-03-18 23:00:00,0,0.15198691156233918,1
1080,Marketing,Other,174.64,2023-03-19 00:00:00,0,0.172993462482247,1
1004,Marketing,Software,247.02,2023-03-19 01:00:00,0,0.15374947656740318,1
1072,Marketing,Supplies,162.1,2023-03-19 02:00:00,0,0.16057017656986028,1
1030,Marketing,Supplies,118.33,2023-03-19 03:00:00,0,0.09249124499888572,1
1043,Finance,Other,158.72,2023-03-19 04:00:00,0,0.1543704053021926,1
1048,Engineering,Travel,214.41,2023-03-19 05:00:00,0,0.18904122642322618,1
1084,Marketing,Supplies,181.46,2023-03-19 06:00:00,0,0.17991419013155785,1
1026,HR,Supplies,304.01,2023-03-19 07:00:00,0,0.0314510893300497,1
1092,Engineering,Travel,237.93,2023-03-19 08:00:00,0,0.1654882773699099,1
1012,Engineering,Supplies,98.85,2023-03-19 09:00:00,0,0.02482820953779019,1
1091,HR,Software,197.68,2023-03-19 10:00:00,0,0.19342195007181961,1
1029,HR,Supplies,170.48,2023-03-19 11:00:00,0,0.1686590003278709,1
1060,HR,Software,226.15,2023-03-19 12:00:00,0,0.17142584868689292,1
1046,Finance,Travel,147.24,2023-03-19 13:00:00,0,0.12905583257071535,1
1046,Finance,Travel,242.93,2023-03-19 14:00:00,0,0.159685918595168,1
1030,Finance,Supplies,171.64,2023-03-19 15:00:00,0,0.16919278237342184,1
1046,Engineering,Supplies,144.79,2023-03-19 16:00:00,0,0.1361786427226232,1
1081,HR,Other,220.59,2023-03-19 17:00:00,0,0.1799963353795121,1
1017,Engineering,Travel,186.04,2023-03-19 18:00:00,0,0.18087181935612268,1
1079,Marketing,Software,194.83,2023-03-19 19:00:00,0,0.1811464449178486,1
1013,Finance,Meals,152.02,2023-03-19 20:00:00,0,0.1372393092895845,1
1043,Marketing,Meals,208.62,2023-03-19 21:00:00,0,0.1877840209549112,1
1030,Finance,Software,169.03,2023-03-19 22:00:00,0,0.16578300705502724,1
1012,Engineering,Meals,168.35,2023-03-19 23:00:00,0,0.1671322969825212,1
1076,Finance,Meals,176.22,2023-03-20 00:00:00,0,0.182025296206216,1
1034,HR,Software,229.03,2023-03-20 01:00:00,0,0.17013676450927678,1
1036,HR,Other,284.82,2023-03-20 02:00:00,0,0.07970081863681444,1
1005,Engineering,Software,174.64,2023-03-20 03:00:00,0,0.172993462482247,1
1019,Marketing,Supplies,245.82,2023-03-20 04:00:00,0,0.15725059345444647,1
1088,Engineering,Travel,168.03,2023-03-20 05:00:00,0,0.16905533039231685,1
1019,HR,Other,241.74,2023-03-20 06:00:00,0,0.15379442585825692,1
1002,Marketing,Other,300.75,2023-03-20 07:00:00,0,0.04022160338191927,1
1022,Finance,Supplies,161.42,2023-03-20 08:00:00,0,0.15726012551416124,1
1054,Engineering,Supplies,153.77,2023-03-20 09:00:00,0,0.13731429982720178,1
1039,HR,Meals,143.14,2023-03-20 10:00:00,0,0.1282023917518882,1
1079,Marketing,Supplies,202.43,2023-03-20 11:00:00,0,0.189718129347346,1
1037,Finance,Supplies,994.0,2023-03-20 12:00:00,1,-0.17004227369056657,-1
1075,Finance,Other,83.07,2023-03-20 13:00:00,0,-0.041641990626417824,-1
1046,Marketing,Supplies,179.53,2023-03-20 14:00:00,0,0.17090350077764943,1
1090,HR,Software,176.94,2023-03-20 15:00:00,0,0.1805932597422824,1
1096,Finance,Travel,175.38,2023-03-20 16:00:00,0,0.17660416025856962,1
1086,Engineering,Other,230.78,2023-03-20 17:00:00,0,0.16826168145192777,1
1049,Finance,Other,212.13,2023-03-20 18:00:00,0,0.18722761027802004,1
1042,HR,Supplies,180.38,2023-03-20 19:00:00,0,0.1709698929714018,1
1037,Finance,Supplies,207.99,2023-03-20 20:00:00,0,0.18604520144374054,1
1049,Engineering,Meals,155.68,2023-03-20 21:00:00,0,0.14522102842512508,1
1003,Engineering,Travel,175.52,2023-03-20 22:00:00,0,0.179281788602357,1
1010,Engineering,Travel,174.59,2023-03-20 23:00:00,0,0.17305136341879618,1
1080,Finance,Other,183.59,2023-03-21 00:00:00,0,0.17895381527325321,1
1026,Marketing,Other,214.9,2023-03-21 01:00:00,0,0.18973434153698665,1
1032,Engineering,Meals,234.15,2023-03-21 02:00:00,0,0.17019004516386388,1
1077,Marketing,Meals,254.13,2023-03-21 03:00:00,0,0.14756745558863377,1
1086,Finance,Meals,204.03,2023-03-21 04:00:00,0,0.18650408915922995,1
1054,Marketing,Meals,229.8,2023-03-21 05:00:00,0,0.16673775150033981,1
1061,Engineering,Supplies,183.92,2023-03-21 06:00:00,0,0.17752144855774438,1
1050,HR,Travel,276.04,2023-03-21 07:00:00,0,0.09735383939732167,1
1006,HR,Software,207.37,2023-03-21 08:00:00,0,0.1817132792487547,1
1007,Marketing,Meals,204.44,2023-03-21 09:00:00,0,0.18687545410993722,1
1041,Finance,Other,229.28,2023-03-21 10:00:00,0,0.1710872075324827,1
1068,Engineering,Supplies,243.27,2023-03-21 11:00:00,0,0.16109712587729708,1
1063,Engineering,Other,174.95,2023-03-21 12:00:00,0,0.1748425222268969,1
1002,Engineering,Travel,179.86,2023-03-21 13:00:00,0,0.1707119252529371,1
1044,Engineering,Meals,199.75,2023-03-21 14:00:00,0,0.19080574755339247,1
1029,HR,Meals,200.53,2023-03-21 15:00:00,0,0.19001936660815283,1
1063,Marketing,Meals,158.45,2023-03-21 16:00:00,0,0.15451757342818773,1
1043,Marketing,Other,240.28,2023-03-21 17:00:00,0,0.16177932701271963,1
1020,HR,Travel,880.25,2023-03-21 18:00:00,1,-0.15837343907238288,-1
1056,HR,Supplies,173.09,2023-03-21 19:00:00,0,0.17284873400812872,1
1075,HR,Travel,211.87,2023-03-21 20:00:00,0,0.18376411359059042,1
1062,HR,Meals,219.84,2023-03-21 21:00:00,0,0.17871921469261043,1
1080,HR,Software,189.36,2023-03-21 22:00:00,0,0.18024942105799685,1
1068,Engineering,Travel,231.01,2023-03-21 23:00:00,0,0.16485284227734442,1
1080,Marketing,Meals,313.56,2023-03-22 00:00:00,0,-0.0019537591906672036,-1
1060,Marketing,Travel,185.48,2023-03-22 01:00:00,0,0.17245820251117483,1
1076,HR,Other,201.13,2023-03-22 02:00:00,0,0.18676726989254766,1
1049,Finance,Software,203.44,2023-03-22 03:00:00,0,0.18554285039065183,1
1045,Finance,Software,220.84,2023-03-22 04:00:00,0,0.18029244993572513,1
1085,Engineering,Software,159.86,2023-03-22 05:00:00,0,0.15804949965519438,1
1090,HR,Software,270.41,2023-03-22 06:00:00,0,0.11447594921153742,1
1079,Marketing,Travel,185.86,2023-03-22 07:00:00,0,0.1771541018554223,1
1006,Engineering,Meals,200.47,2023-03-22 08:00:00,0,0.19001936660815283,1
1036,Marketing,Software,164.11,2023-03-22 09:00:00,0,0.16844694900563606,1
1021,Engineering,Other,284.53,2023-03-22 10:00:00,0,0.07970081863681444,1
1016,Engineering,Travel,394.22,2023-03-22 11:00:00,0,-0.11628687981590025,-1
1086,HR,Meals,258.85,2023-03-22 12:00:00,0,0.13114211586273333,1
1034,Finance,Supplies,273.55,2023-03-22 13:00:00,0,0.11007100820632043,1
1038,HR,Travel,251.87,2023-03-22 14:00:00,0,0.15262299094698778,1
1021,Finance,Software,234.42,2023-03-22 15:00:00,0,0.1671339278687694,1
1002,Finance,Software,250.42,2023-03-22 16:00:00,0,0.1539647955479675,1
1038,HR,Travel,178.95,2023-03-22 17:00:00,0,0.17471895676527394,1
1096,Finance,Supplies,179.36,2023-03-22 18:00:00,0,0.16919497759067953,1
1022,Engineering,Software,244.23,2023-03-22 19:00:00,0,0.16299689767657277,1
1006,Marketing,Other,242.94,2023-03-22 20:00:00,0,0.159685918595168,1
1026,Engineering,Software,161.37,2023-03-22 21:00:00,0,0.15777939794009632,1
1019,Marketing,Software,136.34,2023-03-22 22:00:00,0,0.12123909742327726,1
1068,Marketing,Other,251.98,2023-03-22 23:00:00,0,0.15235686831034156,1
1036,Finance,Other,254.69,2023-03-23 00:00:00,0,0.1466581958338331,1
1012,Engineering,Software,189.84,2023-03-23 01:00:00,0,0.18277547443896852,1
1051,Marketing,Supplies,272.13,2023-03-23 02:00:00,0,0.11134652911084214,1
1074,Engineering,Other,298.81,2023-03-23 03:00:00,0,0.04228230795441801,1
1061,HR,Meals,244.75,2023-03-23 04:00:00,0,0.16494392539510577,1
1042,Finance,Other,202.19,2023-03-23 05:00:00,0,0.1887911131222728,1
1044,Finance,Meals,209.14,2023-03-23 06:00:00,0,0.18163150530494088,1
1087,Engineering,Supplies,178.75,2023-03-23 07:00:00,0,0.17836839860321096,1
1039,Marketing,Supplies,195.85,2023-03-23 08:00:00,0,0.18429032206165963,1
1069,Marketing,Supplies,251.1,2023-03-23 09:00:00,0,0.15169339445793778,1
1097,HR,Travel,155.29,2023-03-23 10:00:00,0,0.14049985257705327,1
1039,HR,Supplies,944.8,2023-03-23 11:00:00,1,-0.15535914118952565,-1
1045,Finance,Travel,231.99,2023-03-23 12:00:00,0,0.16133735983095815,1
1051,Engineering,Meals,116.24,2023-03-23 13:00:00,0,0.08629773556569609,1
1019,Finance,Meals,143.8,2023-03-23 14:00:00,0,0.13285494555989286,1
1033,Marketing,Travel,197.28,2023-03-23 15:00:00,0,0.19140677572872805,1
1041,Marketing,Supplies,243.02,2023-03-23 16:00:00,0,0.16003375757601146,1
1078,Finance,Supplies,261.41,2023-03-23 17:00:00,0,0.1241722807372257,1
1047,Engineering,Travel,223.36,2023-03-23 18:00:00,0,0.18196960409648605,1
1017,Finance,Travel,203.57,2023-03-23 19:00:00,0,0.18628002591262915,1
1050,HR,Supplies,151.56,2023-03-23 20:00:00,0,0.13136543902298276,1
1094,Engineering,Travel,212.45,2023-03-23 21:00:00,0,0.18796610468794828,1
1072,Finance,Meals,201.27,2023-03-23 22:00:00,0,0.18738651468645862,1
1041,Engineering,Travel,245.83,2023-03-23 23:00:00,0,0.15725059345444647,1
1013,Engineering,Other,218.03,2023-03-24 00:00:00,0,0.1793674262616905,1
1050,Engineering,Meals,235.57,2023-03-24 01:00:00,0,0.16287526932506435,1
1053,Finance,Meals,235.3,2023-03-24 02:00:00,0,0.16278649879801438,1
1003,HR,Supplies,216.02,2023-03-24 03:00:00,0,0.18785652861571794,1
1044,Finance,Software,243.56,2023-03-24 04:00:00,0,0.16095082665603344,1
1082,Engineering,Meals,192.17,2023-03-24 05:00:00,0,0.17426641795822,1
1028,HR,Meals,205.62,2023-03-24 06:00:00,0,0.18293868173783295,1
1005,Marketing,Supplies,225.62,2023-03-24 07:00:00,0,0.1730628971419696,1
1053,HR,Software,123.93,2023-03-24 08:00:00,0,0.10117115400281834,1
1046,Engineering,Travel,174.1,2023-03-24 09:00:00,0,0.17617222630812074,1
1078,Finance,Meals,166.25,2023-03-24 10:00:00,0,0.1715073273640486,1
1086,HR,Other,208.1,2023-03-24 11:00:00,0,0.18648952109761768,1
1055,Marketing,Software,212.58,2023-03-24 12:00:00,0,0.18839924104397993,1
1094,Engineering,Other,225.79,2023-03-24 13:00:00,0,0.172557707039105,1
1032,Marketing,Travel,153.29,2023-03-24 14:00:00,0,0.1364673117141984,1
1013,HR,Meals,338.69,2023-03-24 15:00:00,0,-0.06656632811233965,-1
1082,Marketing,Meals,182.93,2023-03-24 16:00:00,0,0.176298896747074,1
1088,Finance,Travel,276.59,2023-03-24 17:00:00,0,0.09784765950219726,1
1050,Finance,Meals,228.81,2023-03-24 18:00:00,0,0.17020824115491479,1
1066,Engineering,Meals,95.14,2023-03-24 19:00:00,0,0.018423037587910418,1
1072,HR,Supplies,216.0,2023-03-24 20:00:00,0,0.18785652861571794,1
1006,Marketing,Travel,215.7,2023-03-24 21:00:00,0,0.1901087403638867,1
1079,Marketing,Supplies,219.55,2023-03-24 22:00:00,0,0.17888419612321804,1
1094,Engineering,Software,212.05,2023-03-24 23:00:00,0,0.18682851961150232,1
1037,Finance,Other,86.0,2023-03-25 00:00:00,0,-0.02840678751260728,-1
1027,Finance,Software,232.44,2023-03-25 01:00:00,0,0.16532242285938625,1
1044,Engineering,Supplies,194.76,2023-03-25 02:00:00,0,0.18112764872798093,1
1020,HR,Supplies,246.68,2023-03-25 03:00:00,0,0.15629409700118685,1
1068,Finance,Supplies,152.87,2023-03-25 04:00:00,0,0.13389287268507466,1
1080,Engineering,Software,257.54,2023-03-25 05:00:00,0,0.13503146625694057,1
1065,HR,Meals,191.05,2023-03-25 06:00:00,0,0.17821007987076776,1
1016,HR,Travel,294.63,2023-03-25 07:00:00,0,0.05057237470295495,1
